137896	6133	7521	2	1	0	0		
137903	6134	7522	1	20	1	0		
137908	6135	7523	1	1	1	0		
137914	6136	7524	1	1	1	0		
137922	6137	7525	1	1	1	0		
137927	6138	7526	2	1	0	0		
137932	6139	7527	2	1	1	0		
137940	6140	7528	2	200	5	0		
137948	6141	7529	1	2	5	0		
137956	6142	7530	1	200	5	0		
137967	6143	7531	2	2	5	0		
137974	6144	7532	2	200	5	0		
137984	6145	7533	1	2	5	0		
137991	6146	7534	1	200	5	0		
137996	6147	7535	1	30	1	0		
137999	6148	7535	2	30	1	0		
138002	6149	7535	1	30	5	0		
138005	6150	7535	2	30	5	0		
138010	6151	7536	1	120	1	0		
138015	6152	7536	1	120	5	0		
138022	6153	7537	1	60	1	0		
138030	6154	7537	1	60	5	0		
138040	6155	7538	1	30	1	0		
138046	6156	7538	1	30	5	0		
138054	6157	7539	1	60	1	0		
138057	6158	7539	2	60	1	0		
138060	6159	7539	1	60	5	0		
138063	6160	7539	2	60	5	0		
138068	6161	7540	1	2	1	0		
138071	6162	7540	2	2	1	0		
138074	6163	7540	1	2	5	0		
138077	6164	7540	2	2	5	0		
138082	6165	7541	1	60	1	0		
138094	6166	7541	1	60	5	0		
138108	6167	7542	1	30	1	0		
138120	6168	7542	1	30	5	0		
138134	6169	7543	1	60	1	0		
138138	6170	7543	2	60	1	0		
138142	6171	7543	1	60	5	0		
138146	6172	7543	2	60	5	0		
138152	6173	7544	1	30	1	0		
138156	6174	7544	2	30	1	0		
138160	6175	7544	1	30	5	0		
138164	6176	7544	2	30	5	0		
138170	6177	7545	1	60	1	0		
138173	6178	7545	2	60	1	0		
138176	6179	7545	1	60	5	0		
138179	6180	7545	2	60	5	0		
138184	6181	7546	1	30	1	0		
138187	6182	7546	2	30	1	0		
138190	6183	7546	1	30	5	0		
138193	6184	7546	2	30	5	0		
138198	6185	7547	1	120	2	0		
138203	6186	7548	1	30	1	0		
138207	6187	7548	1	30	5	0		
138213	6188	7549	1	30	5	0		
138218	6189	7550	1	30	1	0		
138222	6190	7550	1	30	5	0		
138228	6191	7551	1	30	5	0		
138233	6192	7552	1	30	1	0		
138236	6193	7552	1	30	5	0		
138241	6194	7553	1	30	5	0		
138246	6195	7554	1	30	1	0		
138249	6196	7554	1	30	5	0		
138254	6197	7555	1	28	1	0		
138257	6198	7555	1	28	5	0		
138262	6199	7556	1	28	5	0		
138267	6200	7557	1	30	1	0		
138270	6201	7557	1	30	5	0		
138275	6202	7558	1	30	5	0		
138280	6203	7559	1	30	1	0		
138284	6204	7560	1	1	0	0		
138288	6205	7561	1	1	0	0		
138293	6206	7562	1	120	2	0		
138299	6207	7563	2	90	0	0		
138305	6208	7564	1	200	5	0		
138310	6209	7565	1	10	1	0		
138315	6210	7566	2	5	0	0		
138320	6211	7567	1	10	0	0		
138325	6212	7568	1	1	0	0		
138330	6213	7569	1	25	0	0		
138336	6214	7570	1	1	5	0		
138341	6215	7571	1	90	5	0		
138346	6216	7572	1	90	5	0		
138351	6217	7573	1	25	0	0		
138356	6218	7574	1	1	0	0		
138361	6219	7575	1	1	0	0		
138366	6220	7576	1	1	1	0		
138371	6221	7577	1	4	0	0		
138374	6222	7577	1	10	1	0		
138379	6223	7578	1	4	0	0		
138382	6224	7578	1	10	1	0		
138387	6225	7579	1	4	0	0		
138390	6226	7579	1	10	1	0		
138395	6227	7580	1	4	0	0		
138398	6228	7580	1	10	1	0		
138403	6229	7581	1	2	0	0		
138408	6230	7582	1	1	0	0		
138413	6231	7583	1	1	0	0		
138418	6232	7584	1	2	0	0		
138423	6233	7585	1	100	2	0		
138428	6234	7586	2	100	2	0		
138433	6235	7587	1	3	5	0		
138438	6236	7588	1	3	4	0		
138444	6237	7589	1	200	2	0		
138451	6238	7591	2	100	1	0		
138459	6239	7592	1	6	5	0		
138467	6240	7593	2	90	2	0		
138472	6241	7594	2	1	1	0		
138477	6242	7595	2	1	1	0		
138482	6243	7596	2	1	1	0		
138487	6244	7597	2	1	1	0		
138492	6245	7598	2	1	1	0		
138500	6246	7599	2	1	1	0		
138506	6247	7600	2	1	1	0		
138514	6248	7601	1	2	1	0		
138517	6249	7601	2	2	1	0		
138523	6250	7602	1	1	1	0		
138526	6251	7602	2	1	1	0		
138531	6252	7603	1	1	5	0		
138539	6253	7604	1	1	5	0		
138544	6254	7605	1	1	2	0		
138554	6255	7606	1	2	2	0		
138561	6256	7607	2	1	0	0		
138568	6257	7608	1	2	2	0		
138573	6258	7609	1	3	5	0		
138578	6259	7610	2	3	0	0		
138581	6260	7610	1	3	5	0		
138586	6261	7611	1	3	5	0		
138591	6262	7612	1	25	1	0		
138596	6263	7613	1	50	0	0		
138601	6264	7614	1	50	0	0		
138606	6265	7615	1	40	0	0		
138611	6266	7616	1	40	0	0		
138621	6267	7618	1	20	0	0		
138627	6268	7619	1	12	0	0		
138633	6269	7620	1	28	3	0		
138638	6270	7621	1	3	3	0		
138643	6271	7622	1	2	3	0		
138648	6272	7623	1	200	5	0		
138653	6273	7624	1	200	5	0		
138659	6274	7625	1	4	0	0		
138664	6275	7626	1	4	0	0		
138669	6276	7627	1	100	1	0		
138674	6277	7628	1	100	2	0		
138679	6278	7629	1	100	5	0		
138684	6279	7630	1	100	5	0		
138689	6280	7631	1	100	5	0		
138694	6281	7632	1	500	10	0		
138699	6282	7633	1	200	10	0		
138704	6283	7634	1	500	10	0		
138709	6284	7635	1	500	10	0		
138714	6285	7636	1	200	10	0		
138719	6286	7637	1	500	10	0		
138724	6287	7638	1	5	2	0		
138730	6288	7639	1	5	1	0		
138737	6289	7640	1	5	2	0		
138742	6290	7641	1	5	2	0		
138747	6291	7642	1	10	1	0		
138752	6292	7643	1	5	1	0		
138757	6293	7644	1	5	2	0		
138762	6294	7645	1	5	1	0		
138769	6295	7646	1	5	2	0		
138775	6296	7647	1	5	1	0		
138783	6297	7648	1	5	2	0		
138789	6298	7649	1	5	2	0		
138797	6299	7650	1	5	2	0		
138804	6300	7651	1	5	2	0		
138811	6301	7652	1	5	1	0		
138819	6302	7653	1	5	1	0		
138828	6303	7654	1	5	1	0		
138837	6304	7655	1	5	1	0		
138842	6305	7656	1	5	2	0		
138848	6306	7657	1	60	5	0		
138853	6307	7658	1	100	5	0		
138867	6308	7659	1	60	5	0		
138881	6309	7660	1	100	5	0		
138887	6310	7661	1	100	5	0		
138893	6311	7662	1	100	5	0		
138898	6312	7663	1	100	5	0		
138909	6313	7664	1	30	5	0		
138914	6314	7665	1	30	5	0		
138919	6315	7666	1	30	5	0		
138924	6316	7667	1	30	5	0		
138929	6317	7668	1	90	5	0		
138934	6318	7669	1	90	5	0		
138939	6319	7670	1	100	5	0		
138947	6320	7671	1	5	1	0		
138952	6321	7672	2	100	2	0		
138957	6322	7673	2	100	2	0		
138962	6323	7674	1	100	0	0		
138967	6324	7675	1	120	1	0		
138972	6325	7676	1	120	1	0		
138977	6326	7677	1	60	1	0		
138982	6327	7678	1	200	1	0		
138990	6328	7679	1	100	1	0		
138995	6329	7680	1	1	7	0		
139000	6330	7681	1	50	2	0		
139006	6331	7682	1	50	2	0		
139011	6332	7683	1	50	2	0		
139016	6333	7684	1	50	2	0		
139022	6334	7685	1	5	5	0		
139028	6335	7686	1	50	5	0		
139033	6336	7687	1	12	5	0		
139038	6337	7688	1	5	5	0		
139043	6338	7689	1	5	5	0		
139048	6339	7690	1	10	1	0		
139053	6340	7691	1	10	1	0		
139058	6341	7692	1	10	1	0		
139063	6342	7693	1	10	1	0		
139068	6343	7694	1	10	1	0		
139073	6344	7695	1	10	1	0		
139078	6345	7696	1	10	1	0		
139083	6346	7697	1	10	1	0		
139088	6347	7698	1	10	1	0		
139093	6348	7699	2	28	3	0		
139097	6349	7699	1	28	5	0		
139103	6350	7700	1	60	5	0		
139110	6351	7701	2	84	1	0		
139115	6352	7702	1	112	1	0		
139121	6353	7703	2	84	1	0		
139126	6354	7704	2	90	1	0		
139131	6355	7705	1	100	1	0		
139136	6356	7706	1	96	1	0		
139141	6357	7707	1	60	5	0		
139146	6358	7708	1	3	0	0		
139151	6359	7709	1	1	2	0		
139159	6360	7710	1	60	5	0		
139164	6361	7711	1	2	0	0		
139169	6362	7712	1	1	0	0		
139174	6363	7713	1	1	0	0		
139179	6364	7714	1	1	0	0		
139184	6365	7715	1	100	2	0		
139189	6366	7716	1	1	4	0		
139197	6367	7717	1	30	2	0		
139202	6368	7718	1	2	0	0		
139207	6369	7719	1	200	1	0		
139213	6370	7720	1	200	0	0		
139258	6371	7739	1	3	0	0		
139266	6372	7740	1	3	0	0		
139274	6373	7741	1	3	0	0		
139279	6374	7742	1	3	0	0		
139284	6375	7743	1	3	0	0		
139289	6376	7744	1	5	1	0		
139294	6377	7745	1	2	1	0		
139299	6378	7746	1	5	1	0		
139304	6379	7747	1	2	1	0		
139309	6380	7748	1	4	1	0		
139314	6381	7749	1	5	1	0		
139322	6382	7750	1	5	1	0		
139328	6383	7751	1	5	1	0		
139334	6384	7752	1	5	1	0		
139339	6385	7753	2	1	2	0		
139344	6386	7754	2	1	2	0		
139349	6387	7755	1	2	3	0		
139354	6388	7756	1	100	1	0		
139360	6389	7757	1	200	1	0		
139366	6390	7758	1	100	5	0		
139371	6391	7759	1	200	1	0		
139376	6392	7760	1	100	5	0		
139381	6393	7761	1	100	5	0		
139386	6394	7762	1	5	0	0		
139391	6395	7763	1	2	0	0		
139396	6396	7764	1	100	5	0		
139401	6397	7765	1	100	5	0		
139406	6398	7766	1	60	5	0		
139412	6399	7767	1	60	5	0		
139417	6400	7768	1	30	5	0		
139425	6401	7769	1	30	5	0		
139436	6402	7770	1	5	1	0		
139441	6403	7771	1	1	5	0		
139446	6404	7772	1	1	5	0		
139451	6405	7773	1	30	5	0		
139458	6406	7774	1	30	5	0		
139464	6407	7775	1	30	5	0		
139471	6408	7776	1	200	2	0		
139476	6409	7777	1	200	2	0		
139482	6410	7778	1	100	5	0		
139487	6411	7779	1	30	5	0		
139493	6412	7780	1	30	5	0		
139507	6413	7781	1	1	5	0		
139512	6414	7782	1	1	5	0		
139517	6415	7783	1	100	5	0		
139523	6416	7784	1	100	5	0		
139528	6417	7785	1	100	5	0		
139533	6418	7786	1	100	5	0		
139547	6419	7787	1	100	5	0		
139561	6420	7788	1	100	5	0		
139575	6421	7789	1	200	2	0		
139580	6422	7790	1	200	2	0		
139585	6423	7791	1	100	5	0		
139590	6424	7792	1	10	0	0		
139595	6425	7793	1	100	1	0		
139600	6426	7794	1	100	1	0		
139605	6427	7795	1	90	1	0		
139610	6428	7796	1	90	1	0		
139623	6429	7797	1	5	0	0		
139628	6430	7798	1	1	3	0		
139633	6431	7799	1	100	1	0		
139638	6432	7799	1	100	1	0		
139646	6433	7800	1	100	1	0		
139660	6434	7801	1	50	3	0		
139666	6435	7802	1	100	1	0		
139671	6436	7803	1	100	1	0		
139676	6437	7804	1	100	5	0		
139682	6438	7805	1	100	5	0		
139688	6439	7806	1	100	1	0		
139697	6440	7807	1	100	1	0		
139706	6441	7808	1	100	1	0		
139711	6442	7809	1	100	5	0		
139719	6443	7810	2	1	0	0		
139725	6444	7811	2	1	0	0		
139730	6445	7812	2	1	1	0		
139735	6446	7813	2	1	1	0		
139740	6447	7814	1	100	5	0		
139745	6448	7815	1	100	5	0		
139750	6449	7816	1	50	5	0		
139756	6450	7817	1	100	5	0		
139762	6451	7818	1	100	5	0		
139768	6452	7819	1	50	5	0		
139773	6453	7820	1	100	5	0		
139779	6454	7821	1	60	5	0		
139793	6455	7822	1	60	5	0		
139800	6456	7823	1	60	5	0		
139814	6457	7824	1	100	5	0		
139828	6458	7825	1	30	5	0		
139842	6459	7826	1	28	5	0		
139847	6460	7827	1	28	5	0		
139852	6461	7828	1	28	5	0		
139857	6462	7829	1	100	5	0		
139863	6463	7830	1	100	5	0		
139869	6464	7831	1	60	5	0		
139875	6465	7832	1	60	5	0		
139881	6466	7833	1	30	0	0		
139887	6467	7834	1	60	5	0		
139893	6468	7835	1	30	5	0		
139896	6469	7835	2	30	5	0		
139901	6470	7836	1	30	5	0		
139904	6471	7836	2	30	5	0		
139909	6472	7837	1	30	5	0		
139916	6473	7838	1	30	5	0		
139923	6474	7839	1	30	5	0		
139930	6475	7840	1	60	5	0		
139936	6476	7841	1	60	5	0		
139948	6477	7842	1	30	5	0		
139951	6478	7842	2	30	5	0		
139956	6479	7843	1	30	5	0		
139959	6480	7843	2	30	5	0		
139964	6481	7844	1	30	5	0		
139967	6482	7844	2	30	5	0		
139972	6483	7845	1	30	5	0		
139977	6484	7846	1	30	5	0		
139982	6485	7847	1	30	5	0		
139987	6486	7848	1	5	0	0		
139992	6487	7849	1	100	5	0		
139998	6488	7850	1	60	5	0		
140003	6489	7851	1	30	5	0		
140009	6490	7852	1	30	5	0		
140016	6491	7853	1	100	5	0		
140023	6492	7854	1	100	5	0		
140030	6493	7855	1	30	5	0		
140040	6494	7856	1	30	5	0		
140050	6495	7857	1	30	5	0		
140056	6496	7858	1	90	5	0		
140071	6497	7859	1	100	5	0		
140076	6498	7860	1	90	5	0		
140090	6499	7861	1	90	5	0		
140104	6500	7862	1	90	5	0		
140118	6501	7863	1	30	5	0		
140133	6502	7864	1	30	5	0		
140148	6503	7865	1	30	5	0		
140163	6504	7866	1	30	5	0		
140176	6505	7867	1	30	5	0		
140189	6506	7868	1	30	5	0		
140202	6507	7869	1	30	5	0		
140207	6508	7870	1	30	5	0		
140212	6509	7871	1	30	5	0		
140215	6510	7871	2	30	5	0		
140220	6511	7872	1	30	5	0		
140226	6512	7873	1	30	5	0		
140232	6513	7874	1	30	5	0		
140238	6514	7875	1	30	5	0		
140244	6515	7876	1	30	5	0		
140250	6516	7877	1	30	5	0		
140256	6517	7878	1	30	5	0		
140261	6518	7879	1	30	5	0		
140266	6519	7880	1	28	5	0		
140272	6520	7881	1	28	5	0		
140278	6521	7882	1	28	5	0		
140287	6522	7883	1	30	5	0		
140295	6523	7884	1	30	5	0		
140303	6524	7885	1	30	5	0		
140309	6525	7886	1	30	5	0		
140317	6526	7887	1	30	5	0		
140323	6527	7888	1	30	5	0		
140328	6528	7889	1	56	5	0		
140333	6529	7890	1	28	5	0		
140338	6530	7891	1	30	5	0		
140344	6531	7892	1	30	5	0		
140350	6532	7893	1	30	5	0		
140356	6533	7894	1	30	5	0		
140361	6534	7895	1	30	5	0		
140366	6535	7896	1	30	5	0		
140371	6536	7897	1	28	5	0		
140377	6537	7898	1	28	5	0		
140386	6538	7899	1	30	5	0		
140393	6539	7900	1	30	5	0		
140402	6540	7901	1	30	5	0		
140407	6541	7902	1	30	5	0		
140413	6542	7903	1	30	5	0		
140419	6543	7904	1	30	5	0		
140425	6544	7905	1	30	5	0		
140431	6545	7906	1	30	5	0		
140437	6546	7907	1	30	5	0		
140442	6547	7908	1	30	5	0		
140447	6548	7909	1	30	5	0		
140452	6549	7910	1	28	5	0		
140458	6550	7911	1	28	5	0		
140464	6551	7912	1	30	5	0		
140469	6552	7913	1	30	5	0		
140474	6553	7914	1	30	5	0		
140479	6554	7915	1	30	5	0		
140484	6555	7916	1	60	5	0		
140498	6556	7917	1	2	5	0		
140503	6557	7918	1	1	5	0		
140508	6558	7919	1	1	5	0		
140513	6559	7920	1	200	5	0		
140518	6560	7921	2	1	1	0		
140524	6561	7922	2	1	1	0		
140529	6562	7923	2	1	1	0		
140534	6563	7924	2	1	1	0		
140539	6564	7925	2	1	1	0		
140544	6565	7926	2	1	1	0		
140549	6566	7927	2	1	1	0		
140554	6567	7928	2	1	0	0		
140559	6568	7929	2	1	0	0		
140564	6569	7930	2	1	0	0		
140569	6570	7931	2	1	0	0		
140574	6571	7932	2	1	1	0		
140579	6572	7933	2	1	1	0		
140584	6573	7934	2	1	0	0		
140589	6574	7935	1	100	2	0		
140594	6575	7936	1	28	2	0		
140599	6576	7937	1	28	2	0		
140604	6577	7938	1	42	1	0		
140607	6578	7938	2	42	1	0		
140612	6579	7939	2	1	2	0		
140623	6580	7940	2	1	0	0		
140628	6581	7941	1	1	1	0		
140633	6582	7942	1	100	2	0		
140638	6583	7943	1	100	2	0		
140643	6584	7944	2	1	0	0		
140648	6585	7945	2	1	0	0		
140656	6586	7946	1	1	0	0		
140662	6587	7947	1	1	0	0		
140667	6588	7948	2	1	0	0		
140672	6589	7949	2	1	1	0		
140677	6590	7950	2	1	0	0		
140682	6591	7951	1	1	1	0		
140687	6592	7952	1	1	1	0		
140692	6593	7953	1	1	1	0		
140698	6594	7954	1	1	1	0		
140703	6595	7955	1	1	1	0		
140708	6596	7956	1	2	0	0		
140713	6597	7957	1	2	0	0		
140718	6598	7958	1	1	1	0		
140724	6599	7959	1	1	1	0		
140730	6600	7960	2	1	2	0		
140735	6601	7961	1	2	0	0		
140742	6602	7962	1	1	1	0		
140748	6603	7963	2	1	2	0		
140753	6604	7964	2	1	2	0		
140758	6605	7965	1	2	0	0		
140764	6606	7966	1	1	1	0		
140770	6607	7967	2	1	2	0		
140775	6608	7968	2	1	2	0		
140780	6609	7969	1	1	0	0		
140786	6610	7970	2	1	0	0		
140792	6611	7971	1	1	0	0		
140798	6612	7972	1	1	0	0		
140804	6613	7973	2	1	0	0		
140810	6614	7974	1	1	0	0		
140815	6615	7975	1	1	0	0		
140820	6616	7976	1	1	0	0		
140825	6617	7977	1	1	0	0		
140835	6618	7978	2	1	0	0		
140840	6619	7979	2	1	0	0		
140845	6620	7980	2	1	2	0		
140849	6621	7981	2	2	0	0		
140853	6622	7982	2	2	0	0		
140859	6623	7983	2	2	0	0		
140863	6624	7984	2	1	0	0		
140868	6625	7985	1	60	3	0		
140876	6626	7986	1	60	3	0		
140885	6627	7987	2	1	0	0		
140902	6628	7988	2	1	2	0		
140914	6629	7989	2	1	2	0		
140926	6630	7990	2	1	2	0		
140938	6631	7991	2	1	2	0		
140943	6632	7992	2	1	1	0		
140948	6633	7993	2	1	1	0		
140953	6634	7994	2	1	1	0		
140958	6635	7995	2	1	1	0		
140963	6636	7996	2	1	0	0		
140969	6637	7997	2	1	0	0		
140975	6638	7998	2	1	0	0		
140981	6639	7999	2	1	0	0		
140988	6640	8000	2	1	0	0		
140993	6641	8001	2	1	0	0		
140998	6642	8002	1	100	5	0		
141004	6643	8003	1	60	5	0		
141013	6644	8004	1	30	0	0		
141020	6645	8004	1	60	5	0		
141029	6646	8005	1	2	0	0		
141032	6647	8005	1	8	5	0		
141040	6648	8006	1	4	2	0		
141047	6649	8007	1	4	2	0		
141054	6650	8008	1	4	2	0		
141060	6651	8009	1	4	2	0		
141068	6652	8010	1	4	2	0		
141074	6653	8011	1	4	2	0		
141082	6654	8012	1	4	2	0		
141088	6655	8013	1	4	2	0		
141097	6656	8014	1	4	2	0		
141101	6657	8015	1	4	2	0		
141105	6658	8016	1	4	2	0		
141109	6659	8017	1	4	2	0		
141116	6660	8018	1	4	2	0		
141122	6661	8019	1	4	2	0		
141129	6662	8020	1	4	2	0		
141135	6663	8021	1	1	1	0		
141141	6664	8022	1	1	0	0		
141146	6665	8023	1	6	0	0		
141151	6666	8024	1	3	0	0		
141156	6667	8025	1	1	5	0		
141161	6668	8026	1	1	5	0		
141166	6669	8027	1	3	3	0		
141171	6670	8028	1	3	3	0		
141176	6671	8029	1	3	3	0		
141181	6672	8030	1	60	5	0		
141186	6673	8031	2	1	0	0		
141191	6674	8032	2	1	0	0		
141196	6675	8033	1	56	2	0		
141201	6676	8034	1	1	5	0		
141206	6677	8035	1	1	5	0		
141211	6678	8036	1	1	5	0		
141217	6679	8037	1	1	5	0		
141223	6680	8038	1	1	5	0		
141228	6681	8039	1	1	5	0		
141233	6682	8040	1	1	5	0		
141239	6683	8041	1	1	5	0		
141245	6684	8042	1	1	5	0		
141250	6685	8043	1	1	5	0		
141256	6686	8044	1	1	5	0		
141261	6687	8045	1	1	5	0		
141267	6688	8046	1	1	5	0		
141272	6689	8047	1	1	5	0		
141278	6690	8048	1	1	5	0		
141283	6691	8049	1	1	2	0		
141288	6692	8050	1	3	0	0		
141293	6693	8051	1	56	2	0		
141298	6694	8052	1	56	2	0		
141303	6695	8053	1	1	2	0		
141308	6696	8054	1	60	2	0		
141313	6697	8055	1	1	1	0		
141318	6698	8056	1	56	2	0		
141324	6699	8057	1	56	2	0		
141330	6700	8058	1	56	2	0		
141335	6701	8059	1	56	2	0		
141340	6702	8060	1	1	1	0		
141345	6703	8061	1	30	2	0		
141350	6704	8061	1	100	2	0		
141356	6705	8062	1	56	2	0		
141362	6706	8063	1	28	2	0		
141367	6707	8064	1	30	2	0		
141375	6708	8065	1	1	5	0		
141381	6709	8066	1	1	5	0		
141387	6710	8067	1	1	5	0		
141393	6711	8068	1	1	5	0		
141397	6712	8069	1	1	5	0		
141405	6713	8070	1	1	5	0		
141411	6714	8071	1	1	5	0		
141415	6715	8072	1	1	5	0		
141419	6716	8073	1	1	5	0		
141424	6717	8074	1	1	5	0		
141429	6718	8075	1	1	5	0		
141434	6719	8076	1	1	5	0		
141439	6720	8077	1	1	5	0		
141444	6721	8078	1	1	5	0		
141449	6722	8079	1	1	5	0		
141454	6723	8080	1	1	5	0		
141461	6724	8082	1	1	5	0		
141464	6725	8082	1	2	1	0		
141472	6726	8083	1	1	5	0		
141477	6727	8084	1	1	5	0		
141482	6728	8085	1	1	5	0		
141487	6729	8086	1	1	5	0		
141492	6730	8087	1	1	5	0		
141497	6731	8088	1	1	5	0		
141502	6732	8089	1	1	5	0		
141507	6733	8090	1	1	5	0		
141516	6734	8093	1	10	5	0		
141523	6735	8095	1	10	5	0		
141532	6736	8098	1	3	5	0		
141537	6737	8099	1	10	5	0		
141544	6738	8101	1	2	5	0		
141549	6739	8102	1	10	5	0		
141554	6740	8102	1	10	5	0		
141559	6741	8103	1	50	5	0		
141565	6742	8104	1	20	5	0		
141572	6743	8104	1	100	5	0		
141580	6744	8105	1	1	5	0		
141584	6745	8106	1	1	5	0		
141589	6746	8107	1	100	5	0		
141595	6747	8108	1	100	5	0		
141601	6748	8109	1	8	5	0		
141606	6749	8110	1	28	5	0		
141611	6750	8111	1	100	5	0		
141616	6751	8112	1	100	5	0		
141621	6752	8113	2	5	5	0		
141626	6753	8114	2	5	5	0		
141631	6754	8115	2	4	5	0		
141636	6755	8116	2	4	5	0		
141641	6756	8117	2	4	5	0		
141646	6757	8118	2	30	5	0		
141650	6758	8119	2	1	0	0		
141655	6759	8120	2	28	5	0		
141660	6760	8121	2	28	5	0		
141665	6761	8122	2	28	5	0		
141670	6762	8123	2	30	5	0		
141675	6763	8124	1	5	5	0		
141726	6764	8148	1	5	5	0		
141731	6765	8149	1	1	2	0		
141734	6766	8149	1	2	5	0		
141739	6767	8150	1	1	5	0		
141758	6768	8158	1	200	1	0		
141766	6769	8159	1	5	0	0		
141771	6770	8160	1	30	4	0		
141776	6771	8161	1	30	4	0		
141781	6772	8162	1	1	0	0		
141786	6773	8163	1	5	0	0		
141791	6774	8164	1	5	1	0		
141796	6775	8165	1	5	0	0		
141802	6776	8166	1	5	0	0		
141807	6777	8167	1	100	4	0		
141812	6778	8168	1	30	4	0		
141818	6779	8169	1	60	4	0		
141824	6780	8170	1	1	5	0		
141830	6781	8171	1	100	4	0		
141835	6782	8172	1	30	4	0		
141841	6783	8173	1	60	4	0		
141847	6784	8174	1	5	0	0		
141852	6785	8175	1	60	4	0		
141857	6786	8176	1	50	4	0		
141862	6787	8177	1	2	0	0		
141865	6788	8177	1	6	0	0		
141870	6789	8178	1	1	0	0		
141873	6790	8178	1	6	0	0		
141878	6791	8179	1	60	4	0		
141883	6792	8180	1	50	4	0		
141888	6793	8181	1	200	1	0		
141894	6794	8182	1	200	1	0		
141900	6795	8183	1	200	1	0		
141906	6796	8184	1	100	2	0		
141911	6797	8185	1	200	2	0		
141916	6798	8186	1	200	2	0		
141921	6799	8187	1	1	1	0		
141926	6800	8188	1	15	5	0		
141931	6801	8189	1	30	5	0		
141936	6802	8190	1	100	3	0		
141941	6803	8191	1	7	1	0		
141949	6804	8191	1	21	0	0		
141957	6805	8191	1	28	0	0		
141967	6806	8192	1	25	5	0		
141977	6807	8193	1	7	1	0		
141989	6808	8193	1	21	0	0		
142000	6809	8193	1	21	0	0		
142003	6810	8193	1	28	0	0		
142017	6811	8194	1	25	5	0		
142029	6812	8195	1	24	1	0		
142032	6813	8195	1	48	5	0		
142037	6814	8196	1	25	1	0		
142040	6815	8196	1	50	5	0		
142045	6816	8197	1	11	0	0		
142051	6817	8198	1	60	5	0		
142057	6818	8199	1	16	0	0		
142062	6819	8200	1	24	1	0		
142067	6820	8201	1	24	0	0		
142072	6821	8202	1	5	1	0		
142078	6822	8203	1	5	1	0		
142084	6823	8204	1	20	1	0		
142099	6824	8205	1	20	1	0		
142114	6825	8206	1	20	1	0		
142119	6826	8207	1	1	1	0		
142124	6827	8208	1	1	1	0		
142139	6828	8209	1	1	1	0		
142154	6829	8210	1	1	0	0		
142159	6830	8211	1	14	1	0		
142164	6831	8212	1	10	0	0		
142171	6832	8214	1	10	1	0		
142178	6833	8216	1	50	0	0		
142184	6834	8216	1	50	5	0		
142192	6835	8217	1	50	0	0		
142200	6836	8218	1	2	0	0		
142207	6837	8219	1	2	0	0		
142214	6838	8220	1	50	0	0		
142217	6839	8220	1	50	5	0		
142222	6840	8221	1	50	0	0		
142225	6841	8221	1	50	5	0		
142230	6842	8222	1	50	0	0		
142235	6843	8223	1	1	0	0		
142240	6844	8224	1	1	0	0		
142245	6845	8225	1	5	0	0		
142250	6846	8226	1	24	0	0		
142257	6847	8227	1	24	0	0		
142264	6848	8228	1	5	1	0		
142269	6849	8229	1	5	0	0		
142274	6850	8230	1	24	0	0		
142282	6851	8231	1	24	0	0		
142290	6852	8232	1	5	1	0		
142296	6853	8233	1	5	0	0		
142301	6854	8234	1	1	0	0		
142307	6855	8235	1	1	0	0		
142316	6856	8236	1	1	1	0		
142325	6857	8237	1	1	1	0		
142334	6858	8238	1	10	1	0		
142343	6859	8239	1	10	1	0		
142354	6860	8240	1	10	0	0		
142359	6861	8241	1	20	1	0		
142372	6862	8242	1	20	1	0		
142385	6863	8243	1	1	1	0		
142392	6864	8244	1	1	1	0		
142399	6865	8245	1	10	1	0		
142405	6866	8246	1	10	0	0		
142409	6867	8246	1	10	0	0		
142414	6868	8247	1	10	0	0		
142420	6869	8248	1	14	1	0		
142425	6870	8249	1	1	1	0		
142437	6871	8250	1	1	1	0		
142449	6872	8251	1	10	1	0		
142460	6873	8252	1	10	0	0		
142464	6874	8252	1	10	0	0		
142469	6875	8253	1	10	0	0		
142473	6876	8253	1	10	0	0		
142478	6877	8254	1	5	0	0		
142484	6878	8255	1	5	0	0		
142490	6879	8256	1	1	0	0		
142493	6880	8256	1	5	0	0		
142498	6881	8257	1	5	0	0		
142503	6882	8258	1	10	0	0		
142508	6883	8259	1	10	0	0		
142513	6884	8260	1	10	0	0		
142518	6885	8261	1	10	0	0		
142523	6886	8262	1	10	0	0		
142528	6887	8263	1	7	1	0		
142537	6888	8264	1	1	1	0		
142545	6889	8265	1	10	1	0		
142559	6890	8266	1	10	1	0		
142565	6891	8267	1	25	1	0		
142571	6892	8268	1	25	1	0		
142577	6893	8269	1	1	1	0		
142583	6894	8270	1	1	1	0		
142589	6895	8271	1	25	1	0		
142595	6896	8272	1	5	0	0		
142600	6897	8273	1	1	1	0		
142605	6898	8274	1	1	1	0		
142610	6899	8275	1	25	1	0		
142615	6900	8276	1	10	1	0		
142621	6901	8277	1	5	1	0		
142627	6902	8278	1	10	1	0		
142632	6903	8279	1	14	1	0		
142639	6904	8281	1	1	0	0		
142644	6905	8282	1	2	0	0		
142647	6906	8282	1	2	2	0		
142650	6907	8282	2	3	0	0		
142657	6908	8284	1	25	0	0		
142663	6909	8285	1	5	0	0		
142668	6910	8286	1	10	1	0		
142671	6911	8286	1	10	1	0		
142677	6912	8287	1	10	1	0		
142682	6913	8288	1	10	1	0		
142687	6914	8289	1	10	1	0		
142690	6915	8289	1	10	1	0		
142695	6916	8290	1	2	0	0		
142698	6917	8290	1	14	0	0		
142704	6918	8291	1	14	0	0		
142710	6919	8292	1	14	0	0		
142716	6920	8293	1	14	1	0		
142729	6921	8294	2	3	0	0		
142734	6922	8295	2	5	1	0		
142739	6923	8296	2	3	0	0		
142744	6924	8297	2	3	0	0		
142749	6925	8298	2	7	1	0		
142754	6926	8299	1	2	0	0		
142758	6927	8299	1	5	0	0		
142764	6928	8300	1	1	0	0		
142769	6929	8301	1	36	1	0		
142774	6930	8302	1	5	1	0		
142779	6931	8303	1	1	0	0		
142784	6932	8304	1	21	1	0		
142791	6933	8305	1	5	2	0		
142794	6934	8305	1	21	1	0		
142801	6935	8306	1	1	0	0		
142806	6936	8307	1	4	0	0		
142812	6937	8308	1	30	1	0		
142818	6938	8309	1	30	1	0		
142824	6939	8310	1	1	0	0		
142829	6940	8311	1	1	0	0		
142834	6941	8312	1	100	5	0		
142839	6942	8313	1	1	0	0		
142844	6943	8314	1	10	0	0		
142847	6944	8314	1	30	5	0		
142852	6945	8315	1	28	5	0		
142857	6946	8316	1	28	5	0		
142862	6947	8317	1	28	5	0		
142867	6948	8318	1	7	0	0		
142872	6949	8319	1	7	0	0		
142877	6950	8320	1	60	5	0		
142882	6951	8321	1	10	0	0		
142885	6952	8321	1	100	0	0		
142890	6953	8322	1	10	0	0		
142893	6954	8322	1	100	0	0		
142898	6955	8323	1	1	0	0		
142905	6956	8325	1	100	2	0		
142910	6957	8326	1	50	0	0		
142916	6958	8326	1	50	0	0		
142919	6959	8326	1	90	5	0		
142933	6960	8327	1	35	0	0		
142942	6961	8327	1	120	5	0		
142956	6962	8331	1	40	1	0		
142961	6963	8332	1	21	0	0		
142964	6964	8332	1	56	5	0		
142969	6965	8333	1	20	0	0		
142972	6966	8333	1	30	5	0		
142975	6967	8333	1	42	0	0		
143077	6968	8380	1	2	1	0		
143081	6969	8381	1	1	0	0		
143085	6970	8382	1	3	0	0		
143089	6971	8383	1	3	0	0		
143093	6972	8384	1	3	0	0		
143097	6973	8385	1	1	0	0		
143107	6974	8387	1	1	0	0		
143115	6975	8389	1	1	0	0		
143122	6976	8391	1	2	0	0		
143127	6977	8392	1	50	2	0		
143132	6978	8393	1	100	2	0		
143137	6979	8394	1	25	1	0		
143142	6980	8395	1	5	5	0		
143147	6981	8396	1	5	5	0		
143152	6982	8397	1	100	0	0		
143159	6983	8399	1	2	1	0		
143164	6984	8400	1	5	1	0		
143169	6985	8401	1	5	1	0		
143174	6986	8402	1	5	1	0		
143179	6987	8403	1	5	1	0		
143184	6988	8404	1	5	0	0		
143189	6989	8405	1	5	0	0		
143195	6990	8406	1	50	2	0		
143200	6991	8407	1	30	5	0		
143207	6992	8408	1	3	2	0		
143212	6993	8409	1	100	2	0		
143217	6994	8410	1	25	1	0		
143222	6995	8411	1	7	0	0		
143227	6996	8412	1	10	1	0		
143232	6997	8413	1	10	1	0		
143237	6998	8414	1	2	1	0		
143242	6999	8415	1	2	1	0		
143247	7000	8416	2	1	0	0		
143252	7001	8417	1	20	0	0		
143257	7002	8418	1	10	0	0		
143262	7003	8419	1	2	2	0		
143267	7004	8420	1	4	2	0		
143272	7005	8421	1	60	2	0		
143277	7006	8422	1	120	2	0		
143284	7007	8424	1	5	0	0		
143289	7008	8425	1	5	0	0		
143294	7009	8426	1	10	0	0		
143300	7010	8427	1	10	0	0		
143305	7011	8428	1	16	2	0		
143310	7012	8429	1	4	2	0		
143315	7013	8430	1	10	0	0		
143320	7014	8431	1	20	0	0		
143325	7015	8432	1	5	0	0		
143330	7016	8433	1	5	0	0		
143335	7017	8434	1	1	0	0		
143340	7018	8435	1	2	0	0		
143345	7019	8436	1	1	0	0		
143350	7020	8437	1	5	0	0		
143356	7021	8438	1	1	0	0		
143361	7022	8439	1	2	0	0		
143366	7023	8440	1	1	0	0		
143371	7024	8441	1	4	0	0		
143378	7025	8442	1	4	0	0		
143385	7026	8443	1	3	0	0		
143392	7027	8444	1	1	0	0		
143399	7028	8446	1	1	0	0		
143404	7029	8447	1	4	0	0		
143409	7030	8448	1	4	0	0		
143414	7031	8449	1	3	0	0		
143419	7032	8450	1	3	0	0		
143424	7033	8451	1	6	0	0		
143429	7034	8452	1	3	0	0		
143434	7035	8453	1	6	0	0		
143439	7036	8454	1	3	0	0		
143444	7037	8455	1	6	0	0		
143449	7038	8456	1	3	0	0		
143454	7039	8457	1	1	0	0		
143461	7040	8458	1	1	0	0		
143468	7041	8459	1	1	0	0		
143479	7042	8462	1	1	0	0		
143485	7043	8463	1	1	0	0		
143490	7044	8464	1	1	0	0		
143496	7045	8465	1	6	0	0		
143502	7046	8466	1	2	0	0		
143508	7047	8467	1	2	0	0		
143514	7048	8468	1	1	2	0		
143519	7049	8469	1	1	2	0		
143524	7050	8470	1	2	3	0		
143529	7051	8471	1	1	3	0		
143534	7052	8472	1	100	2	0		
143539	7053	8473	1	100	0	0		
143544	7054	8474	1	5	1	0		
143549	7055	8475	1	2	3	0		
143554	7056	8476	1	1	3	0		
143559	7057	8477	1	1	2	0		
143564	7058	8478	1	1	2	0		
143569	7059	8479	1	100	5	0		
143574	7060	8480	1	30	2	0		
143579	7061	8481	1	100	2	0		
143584	7062	8482	1	100	2	0		
143589	7063	8483	1	60	2	0		
143594	7064	8484	1	60	2	0		
143599	7065	8485	1	30	2	0		
143604	7066	8486	1	1	1	0		
143609	7067	8487	1	1	1	0		
143614	7068	8488	1	1	5	0		
143619	7069	8489	1	1	1	0		
143624	7070	8490	1	1	5	0		
143629	7071	8491	1	60	5	0		
143632	7072	8491	1	60	5	0		
143641	7073	8492	1	60	5	0		
143644	7074	8492	1	60	5	0		
143657	7075	8493	1	30	5	0		
143662	7076	8494	1	100	5	0		
143669	7077	8495	1	30	5	0		
143674	7078	8496	1	28	5	0		
143679	7079	8497	1	100	5	0		
143684	7080	8498	1	28	2	0		
143689	7081	8499	1	30	2	0		
143694	7082	8500	1	30	2	0		
143713	7083	8508	1	15	4	0		
143716	7084	8508	1	15	5	0		
143721	7085	8509	1	5	4	0		
143724	7086	8509	1	5	5	0		
143729	7087	8510	1	5	4	0		
143732	7088	8510	1	5	5	0		
143737	7089	8511	1	5	4	0		
143740	7090	8511	1	5	5	0		
143747	7091	8513	1	3	4	0		
143750	7092	8513	1	3	5	0		
143759	7093	8516	1	15	4	0		
143762	7094	8516	1	15	5	0		
143767	7095	8517	1	3	5	0		
143772	7096	8518	1	15	5	0		
143779	7097	8520	1	12	5	0		
143784	7098	8521	1	4	5	0		
143789	7099	8522	1	15	5	0		
143803	7100	8528	1	3	1	0		
143807	7101	8529	1	3	1	0		
143812	7102	8530	1	28	5	0		
143840	7103	8543	1	1	0	0		
143845	7104	8544	1	30	5	0		
143850	7105	8545	1	30	5	0		
143855	7106	8546	1	100	2	0		
143861	7107	8547	1	100	2	0		
143870	7108	8548	1	100	3	0		
143876	7109	8549	1	40	3	0		
143881	7110	8550	1	100	3	0		
143884	7111	8550	1	100	3	0		
143889	7112	8551	1	50	3	0		
143895	7113	8552	1	1	0	0		
143900	7114	8553	1	40	3	0		
143905	7115	8554	1	100	3	0		
143915	7116	8554	1	100	3	0		
143920	7117	8555	1	50	3	0		
143936	7118	8556	2	60	2	0		
143941	7119	8557	1	50	3	0		
143953	7120	8558	1	25	3	0		
143965	7121	8559	1	50	3	0		
143975	7122	8560	1	25	3	0		
143988	7123	8561	1	30	3	0		
143993	7124	8562	1	30	3	0		
143998	7125	8563	1	100	3	0		
144003	7126	8564	1	100	3	0		
144008	7127	8565	1	1	0	0		
144013	7128	8566	1	28	3	0		
144019	7129	8567	1	100	3	0		
144025	7130	8568	1	50	3	0		
144031	7131	8569	1	28	3	0		
144037	7132	8570	1	50	3	0		
144043	7133	8571	1	50	3	0		
144048	7134	8572	1	28	3	0		
144054	7135	8573	1	50	3	0		
144059	7136	8574	1	40	3	0		
144064	7137	8575	1	50	3	0		
144069	7138	8576	1	50	3	0		
144074	7139	8577	1	50	2	0		
144080	7140	8578	1	60	3	0		
144085	7141	8579	1	30	3	0		
144090	7142	8580	1	1	3	0		
144095	7143	8581	1	1	3	0		
144100	7144	8582	1	30	3	0		
144105	7145	8583	1	30	3	0		
144110	7146	8584	1	10	0	0		
144115	7147	8585	1	10	1	0		
144120	7148	8586	1	10	1	0		
144125	7149	8587	1	60	5	0		
144130	7150	8588	1	100	1	0		
144135	7151	8589	1	100	1	0		
144148	7152	8594	1	100	5	0		
144160	7153	8595	1	100	5	0		
144172	7154	8596	1	100	2	0		
144177	7155	8597	1	100	2	0		
144182	7156	8598	1	60	2	0		
144187	7157	8599	1	200	2	0		
144191	7158	8599	1	200	2	0		
144198	7159	8600	1	60	2	0		
144201	7160	8600	1	60	2	0		
144209	7161	8601	1	100	5	0		
144214	7162	8602	1	100	2	0		
144219	7163	8603	1	60	5	0		
144224	7164	8604	1	100	2	0		
144229	7165	8605	1	60	2	0		
144234	7166	8606	1	4	0	0		
144240	7167	8607	1	2	0	0		
144246	7168	8608	1	1	0	0		
144256	7169	8611	1	1	0	0		
144261	7170	8612	1	1	0	0		
144266	7171	8613	1	30	5	0		
144271	7172	8614	1	30	5	0		
144276	7173	8615	1	4	5	0		
144281	7174	8616	1	56	2	0		
144286	7175	8617	1	28	1	0		
144291	7176	8618	1	28	5	0		
144297	7177	8620	1	1	1	0		
144302	7178	8621	1	1	0	0		
144305	7179	8621	1	2	0	0		
144310	7180	8622	1	1	0	0		
144313	7181	8622	1	2	0	0		
144318	7182	8623	1	1	0	0		
144321	7183	8623	1	2	0	0		
144326	7184	8624	1	20	0	0		
144329	7185	8624	1	40	0	0		
144334	7186	8625	1	20	0	0		
144337	7187	8625	1	40	0	0		
144342	7188	8626	1	10	0	0		
144345	7189	8626	1	20	0	0		
144350	7190	8627	1	20	0	0		
144353	7191	8627	1	40	0	0		
144358	7192	8628	1	10	0	0		
144361	7193	8628	1	20	0	0		
144366	7194	8629	1	20	0	0		
144369	7195	8629	1	40	0	0		
144374	7196	8630	1	10	0	0		
144377	7197	8630	1	20	0	0		
144382	7198	8631	1	10	0	0		
144385	7199	8631	1	20	0	0		
144390	7200	8632	1	5	0	0		
144396	7201	8633	1	5	0	0		
144402	7202	8634	1	5	0	0		
144407	7203	8635	1	20	0	0		
144410	7204	8635	1	40	0	0		
144415	7205	8636	1	20	0	0		
144418	7206	8636	1	40	0	0		
144423	7207	8637	1	20	0	0		
144428	7208	8638	1	20	0	0		
144431	7209	8638	1	40	0	0		
144436	7210	8639	1	20	0	0		
144439	7211	8639	1	40	0	0		
144444	7212	8640	1	20	0	0		
144447	7213	8640	1	40	0	0		
144452	7214	8641	1	20	0	0		
144455	7215	8641	1	40	0	0		
144460	7216	8642	1	20	0	0		
144463	7217	8642	1	40	0	0		
144468	7218	8643	1	20	0	0		
144471	7219	8643	2	20	0	0		
144474	7220	8643	2	40	0	0		
144479	7221	8644	1	20	0	0		
144482	7222	8644	1	40	0	0		
144487	7223	8645	1	20	0	0		
144490	7224	8645	1	40	0	0		
144495	7225	8646	1	20	0	0		
144498	7226	8646	1	40	0	0		
144503	7227	8647	1	20	0	0		
144506	7228	8647	1	40	0	0		
144511	7229	8648	1	5	0	0		
144516	7230	8649	1	5	0	0		
144521	7231	8650	1	5	0	0		
144526	7232	8651	1	5	0	0		
144531	7233	8652	1	1	0	0		
144536	7234	8653	1	1	0	0		
144539	7235	8653	1	2	0	0		
144544	7236	8654	1	20	0	0		
144547	7237	8654	1	40	0	0		
144552	7238	8655	1	20	0	0		
144555	7239	8655	1	40	0	0		
144560	7240	8656	1	20	0	0		
144563	7241	8656	1	40	0	0		
144568	7242	8657	1	12	0	0		
144571	7243	8657	1	24	0	0		
144576	7244	8658	1	20	0	0		
144579	7245	8658	1	40	0	0		
144584	7246	8659	1	20	0	0		
144587	7247	8659	1	40	0	0		
144592	7248	8660	1	20	0	0		
144595	7249	8660	1	40	0	0		
144600	7250	8661	1	20	0	0		
144603	7251	8661	1	40	0	0		
144608	7252	8662	1	20	0	0		
144611	7253	8662	1	40	0	0		
144616	7254	8663	1	20	0	0		
144619	7255	8663	1	40	0	0		
144624	7256	8664	1	20	0	0		
144627	7257	8664	1	40	0	0		
144632	7258	8665	1	20	0	0		
144635	7259	8665	1	40	0	0		
144643	7260	8666	1	20	0	0		
144648	7261	8666	1	40	0	0		
144655	7262	8667	1	5	0	0		
144661	7263	8668	1	5	0	0		
144667	7264	8669	1	5	0	0		
144672	7265	8670	1	5	0	0		
144677	7266	8671	1	5	0	0		
144682	7267	8672	1	5	0	0		
144687	7268	8673	2	50	0	0		
144692	7269	8674	1	20	0	0		
144696	7270	8674	1	20	2	0		
144702	7271	8675	1	5	0	0		
144707	7272	8676	1	20	0	0		
144710	7273	8676	1	40	0	0		
144715	7274	8677	1	20	0	0		
144718	7275	8677	1	40	0	0		
144723	7276	8678	1	20	0	0		
144726	7277	8678	1	40	0	0		
144731	7278	8679	1	100	1	0		
144736	7279	8680	1	96	1	0		
144741	7280	8681	1	100	3	0		
144746	7281	8682	1	50	3	0		
144754	7282	8683	2	50	2	0		
144759	7283	8684	1	1	2	0		
144766	7284	8685	1	1	2	0		
144772	7285	8686	1	100	1	0		
144785	7286	8687	2	20	2	0		
144791	7287	8688	2	50	2	0		
144797	7288	8689	1	5	0	0		
144802	7289	8690	1	100	2	0		
144810	7290	8691	1	1	2	0		
144815	7291	8692	1	2	5	0		
144820	7292	8693	1	2	5	0		
144826	7293	8694	1	2	5	0		
144831	7294	8695	1	2	5	0		
144836	7295	8696	1	100	2	0		
144841	7296	8697	1	200	2	0		
144846	7297	8698	1	200	4	0		
144851	7298	8699	1	5	0	0		
144856	7299	8700	1	200	2	0		
144861	7300	8701	1	1	3	0		
144866	7301	8702	1	200	2	0		
144871	7302	8703	1	200	2	0		
144876	7303	8704	1	200	2	0		
144881	7304	8705	1	200	2	0		
144886	7305	8706	1	1	5	0		
144891	7306	8707	1	5	0	0		
144896	7307	8708	1	2	0	0		
144901	7308	8709	1	200	2	0		
144907	7309	8710	1	200	2	0		
144913	7310	8711	1	1	5	0		
144918	7311	8712	1	200	2	0		
144924	7312	8713	1	200	2	0		
144931	7313	8714	1	200	2	0		
144936	7314	8715	1	200	2	0		
144941	7315	8716	1	2	5	0		
144946	7316	8717	1	100	5	0		
144951	7317	8718	1	100	5	0		
144956	7318	8719	1	100	5	0		
144961	7319	8720	1	200	2	0		
144966	7320	8721	1	2	2	0		
144971	7321	8722	1	2	2	0		
144976	7322	8723	1	200	2	0		
144982	7323	8724	1	200	2	0		
144988	7324	8725	1	60	5	0		
144993	7325	8726	1	120	5	0		
144998	7326	8727	1	100	5	0		
145003	7327	8728	1	100	5	0		
145008	7328	8729	1	100	5	0		
145013	7329	8730	1	200	2	0		
145018	7330	8731	1	200	2	0		
145023	7331	8732	1	56	5	0		
145028	7332	8733	1	56	5	0		
145033	7333	8734	1	56	5	0		
145038	7334	8735	1	56	5	0		
145043	7335	8736	1	56	5	0		
145048	7336	8737	1	60	5	0		
145053	7337	8738	1	60	5	0		
145058	7338	8739	1	60	5	0		
145063	7339	8740	1	60	5	0		
145068	7340	8741	1	60	5	0		
145073	7341	8742	1	60	5	0		
145078	7342	8743	1	60	5	0		
145083	7343	8744	1	100	5	0		
145087	7344	8744	2	100	5	0		
145092	7345	8745	1	100	5	0		
145100	7346	8745	2	100	5	0		
145105	7347	8746	1	100	5	0		
145113	7348	8746	2	100	5	0		
145118	7349	8747	1	100	5	0		
145121	7350	8747	2	100	5	0		
145126	7351	8748	1	100	5	0		
145131	7352	8748	2	100	5	0		
145136	7353	8749	1	200	2	0		
145141	7354	8750	1	200	1	0		
145146	7355	8751	1	200	2	0		
145151	7356	8752	1	5	0	0		
145156	7357	8753	1	60	2	0		
145164	7358	8754	1	100	5	0		
145170	7359	8755	1	100	5	0		
145176	7360	8756	1	100	5	0		
145182	7361	8757	1	100	5	0		
145188	7362	8758	1	100	5	0		
145194	7363	8759	1	100	5	0		
145200	7364	8760	1	100	5	0		
145206	7365	8761	1	100	5	0		
145214	7366	8762	1	100	5	0		
145221	7367	8763	1	100	5	0		
145227	7368	8764	1	100	5	0		
145232	7369	8765	1	100	5	0		
145237	7370	8766	1	100	5	0		
145243	7371	8767	1	60	5	0		
145252	7372	8768	1	30	0	0		
145259	7373	8768	1	60	5	0		
145268	7374	8769	1	100	5	0		
145273	7375	8770	1	100	5	0		
145278	7376	8771	1	100	0	0		
145283	7377	8772	1	30	5	0		
145288	7378	8773	1	30	5	0		
145293	7379	8774	1	30	5	0		
145300	7380	8776	1	100	5	0		
145306	7381	8777	1	200	4	0		
145311	7382	8778	1	10	0	0		
145316	7383	8779	1	1	5	0		
145321	7384	8780	1	100	5	0		
145326	7385	8781	1	100	5	0		
145331	7386	8782	1	100	5	0		
145336	7387	8783	1	5	0	0		
145341	7388	8784	1	5	0	0		
145346	7389	8785	1	5	0	0		
145351	7390	8786	1	10	0	0		
145356	7391	8787	1	1	2	0		
145361	7392	8788	1	1	2	0		
145366	7393	8789	1	25	0	0		
145372	7394	8790	1	100	5	0		
145377	7395	8791	1	100	5	0		
145382	7396	8792	1	100	5	0		
145387	7397	8793	1	100	5	0		
145392	7398	8794	1	100	5	0		
145397	7399	8795	1	1	5	0		
145402	7400	8796	1	100	5	0		
145408	7401	8797	1	100	5	0		
145414	7402	8798	1	100	5	0		
145420	7403	8799	1	100	5	0		
145426	7404	8800	1	10	0	0		
145431	7405	8801	1	1	5	0		
145436	7406	8802	1	100	5	0		
145441	7407	8803	1	50	5	0		
145446	7408	8804	1	100	5	0		
145451	7409	8805	1	5	0	0		
145456	7410	8806	1	5	0	0		
145461	7411	8807	1	5	0	0		
145466	7412	8808	1	5	0	0		
145471	7413	8809	1	5	0	0		
145476	7414	8810	1	5	0	0		
145485	7415	8813	1	30	5	0		
145490	7416	8814	1	30	5	0		
145495	7417	8815	1	30	5	0		
145500	7418	8816	1	30	5	0		
145505	7419	8817	1	28	5	0		
145510	7420	8818	1	28	5	0		
145515	7421	8819	1	90	5	0		
145520	7422	8820	1	60	5	0		
145525	7423	8821	1	60	5	0		
145530	7424	8822	1	60	5	0		
145535	7425	8823	1	112	5	0		
145540	7426	8824	1	30	5	0		
145545	7427	8825	1	60	5	0		
145550	7428	8826	1	60	5	0		
145555	7429	8827	1	200	2	0		
145560	7430	8828	1	200	2	0		
145565	7431	8829	1	1	5	0		
145570	7432	8830	1	60	5	0		
145575	7433	8831	1	60	5	0		
145580	7434	8832	1	60	5	0		
145585	7435	8833	1	60	5	0		
145590	7436	8834	1	5	0	0		
145595	7437	8835	1	50	0	0		
145601	7438	8835	1	100	0	0		
145609	7439	8836	1	50	0	0		
145615	7440	8836	1	100	0	0		
145623	7441	8837	1	25	0	0		
145627	7442	8837	1	50	5	0		
145633	7443	8838	1	25	0	0		
145638	7444	8838	1	50	5	0		
145645	7445	8839	2	60	0	0		
145650	7446	8840	2	60	0	0		
145655	7447	8841	1	50	2	0		
145668	7448	8842	1	50	2	0		
145680	7449	8843	1	50	0	0		
145687	7450	8844	1	50	0	0		
145695	7451	8845	2	50	0	0		
145700	7452	8846	2	50	0	0		
145705	7453	8847	1	25	0	0		
145709	7454	8847	1	50	5	0		
145715	7455	8848	2	30	0	0		
145720	7456	8849	1	25	0	0		
145726	7457	8849	1	50	5	0		
145734	7458	8850	1	25	0	0		
145739	7459	8850	1	50	5	0		
145746	7460	8851	2	30	0	0		
145751	7461	8852	1	50	2	0		
145756	7462	8853	1	50	2	0		
145762	7463	8854	1	50	2	0		
145774	7464	8855	1	50	2	0		
145779	7465	8856	1	50	2	0		
145785	7466	8857	1	50	2	0		
145790	7467	8858	1	50	2	0		
145795	7468	8859	1	50	2	0		
145800	7469	8860	1	50	2	0		
145806	7470	8861	1	50	2	0		
145812	7471	8862	1	50	2	0		
145817	7472	8863	1	50	2	0		
145823	7473	8864	1	30	2	0		
145829	7474	8865	1	28	5	0		
145843	7475	8866	1	1	5	0		
145848	7476	8867	1	28	5	0		
145854	7477	8868	1	28	5	0		
145861	7478	8869	1	30	5	0		
145868	7479	8870	1	28	5	0		
145873	7480	8871	1	28	5	0		
145878	7481	8872	1	30	5	0		
145884	7482	8873	1	30	5	0		
145891	7483	8875	1	50	2	0		
145896	7484	8876	1	60	5	0		
145910	7485	8877	1	60	5	0		
145924	7486	8878	1	50	5	0		
145930	7487	8879	1	50	5	0		
145936	7488	8880	1	56	5	0		
145941	7489	8881	1	56	5	0		
145946	7490	8882	1	56	5	0		
145951	7491	8883	1	30	5	0		
145958	7492	8884	1	28	5	0		
145963	7493	8885	1	28	5	0		
145968	7494	8886	1	56	5	0		
145973	7495	8887	1	56	5	0		
145978	7496	8888	1	60	5	0		
145983	7497	8889	1	100	5	0		
145988	7498	8890	1	28	5	0		
145993	7499	8891	1	28	5	0		
145998	7500	8892	1	56	5	0		
146003	7501	8893	1	56	5	0		
146008	7502	8894	1	56	5	0		
146013	7503	8895	1	56	5	0		
146018	7504	8896	1	1	5	0		
146023	7505	8897	1	56	5	0		
146028	7506	8898	1	56	5	0		
146033	7507	8899	1	100	5	0		
146040	7508	8901	1	150	5	0		
146045	7509	8902	1	100	2	0		
146050	7510	8903	2	2	0	0		
146055	7511	8904	2	2	0	0		
146060	7512	8905	2	2	2	0		
146065	7513	8906	2	2	2	0		
146070	7514	8907	2	2	0	0		
146075	7515	8908	2	2	0	0		
146080	7516	8909	1	120	0	0		
146085	7517	8910	1	180	1	0		
146090	7518	8911	1	30	1	0		
146101	7519	8915	1	5	0	0		
146104	7520	8915	1	10	0	0		
146115	7521	8919	1	20	0	0		
146118	7522	8919	1	40	0	0		
146123	7523	8920	1	1	0	0		
146128	7524	8921	1	21	1	0		
146135	7525	8922	1	5	2	0		
146138	7526	8922	1	21	1	0		
146145	7527	8923	1	1	0	0		
146150	7528	8924	1	4	0	0		
146156	7529	8925	1	1	0	0		
146161	7530	8926	1	100	1	0		
146166	7531	8927	1	50	2	0		
146173	7532	8928	1	50	2	0		
146180	7533	8929	1	50	0	0		
146185	7534	8930	2	6	0	0		
146190	7535	8931	1	6	1	0		
146195	7536	8932	1	60	2	0		
146200	7537	8933	1	6	0	0		
146205	7538	8934	1	6	0	0		
146210	7539	8935	1	36	2	0		
146215	7540	8936	1	4	0	0		
146220	7541	8937	1	1	1	0		
146225	7542	8938	1	1	2	0		
146230	7543	8939	2	1	0	0		
146235	7544	8940	2	1	0	0		
146240	7545	8941	2	1	0	0		
146245	7546	8942	2	1	5	0		
146250	7547	8943	2	1	2	0		
146255	7548	8944	2	1	1	0		
146260	7549	8945	2	1	0	0		
146265	7550	8946	2	1	0	0		
146270	7551	8947	2	1	0	0		
146276	7552	8948	2	1	5	0		
146281	7553	8949	2	1	5	0		
146286	7554	8950	2	30	0	0		
146292	7555	8951	2	30	0	0		
146296	7556	8952	1	200	5	0		
146301	7557	8953	1	2	2	0		
146306	7558	8954	1	2	5	0		
146317	7559	8955	1	2	5	0		
146328	7560	8956	1	2	5	0		
146336	7561	8957	1	2	5	0		
146341	7562	8958	1	1	5	0		
146346	7563	8959	1	2	5	0		
146351	7564	8960	1	1	5	0		
146356	7565	8961	1	1	5	0		
146361	7566	8962	1	1	5	0		
146366	7567	8963	1	60	5	0		
146371	7568	8964	1	1	5	0		
146376	7569	8965	1	1	5	0		
146384	7570	8966	2	2	5	0		
146392	7571	8967	1	1	5	0		
146398	7572	8968	1	1	5	0		
146404	7573	8969	1	1	5	0		
146410	7574	8970	1	1	5	0		
146416	7575	8971	1	1	5	0		
146422	7576	8972	1	1	5	0		
146427	7577	8973	1	1	5	0		
146432	7578	8974	1	1	5	0		
146437	7579	8975	1	1	5	0		
146442	7580	8976	1	1	5	0		
146447	7581	8977	1	1	5	0		
146452	7582	8978	1	1	5	0		
146457	7583	8979	1	1	5	0		
146462	7584	8980	1	1	5	0		
146467	7585	8981	1	1	5	0		
146472	7586	8982	1	1	5	0		
146477	7587	8983	1	1	5	0		
146482	7588	8984	1	1	5	0		
146487	7589	8985	1	1	5	0		
146492	7590	8986	1	1	5	0		
146497	7591	8987	1	1	5	0		
146502	7592	8988	1	2	2	0		
146507	7593	8989	1	2	5	0		
146520	7594	8990	1	2	5	0		
146533	7595	8991	1	2	5	0		
146538	7596	8992	1	1	5	0		
146543	7597	8993	1	2	5	0		
146548	7598	8994	1	100	5	0		
146553	7599	8995	1	1	5	0		
146558	7600	8996	1	1	5	0		
146563	7601	8997	1	120	3	0		
146569	7602	8998	1	1	5	0		
146574	7603	8999	1	1	5	0		
146579	7604	9000	1	5	0	0		
146584	7605	9001	1	5	0	0		
146589	7606	9002	1	1	5	0		
146594	7607	9003	1	100	5	0		
146599	7608	9004	1	100	5	0		
146604	7609	9005	1	100	5	0		
146609	7610	9006	1	100	5	0		
146614	7611	9007	2	1	4	0		
146619	7612	9008	1	5	3	0		
146626	7613	9010	1	20	0	0		
146631	7614	9011	2	1	2	0		
146637	7615	9012	1	10	0	0		
146642	7616	9013	2	50	2	0		
146647	7617	9014	2	50	2	0		
146652	7618	9015	2	30	0	0		
146657	7619	9016	1	100	2	0		
146662	7620	9017	2	30	0	0		
146667	7621	9018	2	30	0	0		
146672	7622	9019	2	60	0	0		
146677	7623	9020	1	1	2	0		
146683	7624	9021	1	1	0	0		
146689	7625	9022	1	1	0	0		
146694	7626	9023	1	1	2	0		
146699	7627	9024	1	1	2	0		
146704	7628	9025	1	1	0	0		
146714	7629	9026	1	1	0	0		
146724	7630	9027	1	1	2	0		
146729	7631	9028	1	1	2	0		
146735	7632	9029	1	1	0	0		
146742	7633	9031	1	2	0	0		
146747	7634	9032	1	2	0	0		
146753	7635	9033	1	1	2	0		
146758	7636	9034	1	1	5	0		
146763	7637	9035	1	1	5	0		
146768	7638	9036	1	1	0	0		
146773	7639	9037	1	1	0	0		
146778	7640	9038	1	1	5	0		
146784	7641	9039	1	1	2	0		
146789	7642	9040	1	1	0	0		
146794	7643	9041	1	1	0	0		
146799	7644	9042	1	1	5	0		
146804	7645	9043	1	1	2	0		
146809	7646	9044	1	1	5	0		
146815	7647	9045	1	1	5	0		
146822	7648	9046	1	1	5	0		
146829	7649	9047	1	1	5	0		
146836	7650	9048	1	1	5	0		
146843	7651	9049	1	1	5	0		
146849	7652	9050	1	1	5	0		
146855	7653	9051	1	1	5	0		
146860	7654	9052	1	1	5	0		
146865	7655	9053	1	1	0	0		
146870	7656	9054	1	100	3	0		
146875	7657	9055	1	1	5	0		
146880	7658	9056	1	1	5	0		
146885	7659	9057	1	1	5	0		
146890	7660	9058	1	1	5	0		
146895	7661	9059	1	1	5	0		
146902	7662	9060	1	1	5	0		
146909	7663	9061	1	1	5	0		
146915	7664	9062	1	1	5	0		
146920	7665	9063	1	1	5	0		
146928	7666	9064	1	1	5	0		
146936	7667	9065	2	1	5	0		
146944	7668	9066	1	1	5	0		
146950	7669	9067	1	1	5	0		
146955	7670	9068	1	1	5	0		
146960	7671	9069	1	1	2	0		
146965	7672	9070	1	1	2	0		
146970	7673	9071	1	1	2	0		
146975	7674	9072	1	1	2	0		
146980	7675	9073	2	1	1	0		
146989	7676	9074	2	1	1	0		
146995	7677	9075	2	1	1	0		
147003	7678	9076	2	1	1	0		
147011	7679	9077	2	1	5	0		
147016	7680	9078	1	1	5	0		
147021	7681	9079	2	1	1	0		
147026	7682	9080	1	1	5	0		
147031	7683	9081	1	1	5	0		
147036	7684	9082	1	3	5	0		
147041	7685	9083	1	3	5	0		
147046	7686	9084	1	1	5	0		
147051	7687	9085	1	1	5	0		
147056	7688	9086	1	3	5	0		
147061	7689	9087	1	1	5	0		
147066	7690	9088	1	3	5	0		
147071	7691	9089	1	1	5	0		
147076	7692	9090	1	1	5	0		
147081	7693	9091	1	1	5	0		
147087	7694	9092	1	1	5	0		
147096	7695	9093	1	1	5	0		
147104	7696	9094	1	1	5	0		
147111	7697	9095	1	3	5	0		
147116	7698	9096	1	2	5	0		
147122	7699	9097	1	1	5	0		
147128	7700	9098	1	1	5	0		
147134	7701	9099	1	1	5	0		
147143	7702	9100	1	1	5	0		
147148	7703	9101	1	1	2	0		
147156	7704	9102	1	1	0	0		
147164	7705	9103	2	1	2	0		
147174	7706	9104	1	1	2	0		
147183	7707	9105	1	1	2	0		
147194	7708	9106	1	1	2	0		
147202	7709	9107	1	1	2	0		
147208	7710	9108	1	1	2	0		
147213	7711	9109	1	1	0	0		
147218	7712	9110	1	1	0	0		
147223	7713	9111	1	1	0	0		
147228	7714	9112	1	1	0	0		
147233	7715	9113	1	5	0	0		
147238	7716	9114	1	1	0	0		
147243	7717	9115	1	1	0	0		
147252	7718	9118	2	1	2	0		
147257	7719	9119	1	15	5	0		
147262	7720	9120	1	15	5	0		
147267	7721	9121	1	10	0	0		
147271	7722	9122	1	2	5	0		
147275	7723	9123	1	1	5	0		
147283	7724	9124	1	2	5	0		
147290	7725	9125	1	2	5	0		