87062	21493	21492
87067	21494	21493
87072	21495	21494
87076	21496	21494
87080	21497	21494
87084	21498	21494
87088	21499	21494
87092	21500	21494
87095	21501	21493
87100	21502	21501
87104	21503	21501
87108	21504	21501
87112	21505	21501
87116	21506	21501
87120	21507	21501
87124	21508	21501
87128	21509	21501
87132	21510	21501
87136	21511	21501
87140	21512	21501
87144	21513	21501
87148	21514	21501
87152	21515	21501
87156	21516	21501
87160	21517	21501
87164	21518	21501
87168	21519	21501
87172	21520	21501
87176	21521	21501
87179	21522	21493
87184	21523	21522
87188	21524	21522
87192	21525	21522
87196	21526	21522
87199	21527	21493
87204	21528	21527
87208	21529	21527
87212	21530	21527
87216	21531	21527
87220	21532	21527
87224	21533	21527
87227	21534	21492
87231	21535	21534
87235	21536	21535
87240	21537	21536
87244	21538	21536
87248	21539	21536
87252	21540	21536
87256	21541	21536
87260	21542	21536
87263	21543	21535
87268	21544	21543
87272	21545	21543
87276	21546	21543
87280	21547	21543
87284	21548	21543
87288	21549	21543
87292	21550	21543
87296	21551	21543
87299	21552	21535
87304	21553	21552
87308	21554	21552
87312	21555	21552
87315	21556	21535
87320	21557	21556
87324	21558	21556
87328	21559	21556
87332	21560	21556
87336	21561	21556
87339	21562	21535
87344	21563	21562
87348	21564	21562
87351	21565	21535
87355	21566	21535
87359	21567	21535
87363	21568	21534
87367	21569	21568
87372	21570	21569
87376	21571	21569
87380	21572	21569
87384	21573	21569
87388	21574	21569
87392	21575	21569
87396	21576	21569
87400	21577	21569
87403	21578	21568
87408	21579	21578
87412	21580	21578
87415	21581	21568
87420	21582	21581
87424	21583	21581
87428	21584	21581
87432	21585	21581
87436	21586	21581
87439	21587	21568
87444	21588	21587
87448	21589	21587
87452	21590	21587
87456	21591	21587
87460	21592	21587
87464	21593	21587
87467	21594	21568
87472	21595	21594
87476	21596	21594
87480	21597	21594
87484	21598	21594
87488	21599	21594
87492	21600	21594
87496	21601	21594
87500	21602	21594
87504	21603	21594
87508	21604	21594
87512	21605	21594
87516	21606	21594
87520	21607	21594
87524	21608	21594
87528	21609	21594
87532	21610	21594
87535	21611	21534
87539	21612	21534
87543	21613	21492
87547	21614	21613
87551	21615	21614
87556	21616	21615
87560	21617	21615
87564	21618	21615
87568	21619	21615
87572	21620	21615
87576	21621	21615
87580	21622	21615
87584	21623	21615
87588	21624	21615
87591	21625	21614
87596	21626	21625
87600	21627	21625
87604	21628	21625
87608	21629	21625
87612	21630	21625
87616	21631	21625
87620	21632	21625
87624	21633	21625
87628	21634	21625
87632	21635	21625
87636	21636	21625
87640	21637	21625
87644	21638	21625
87648	21639	21625
87652	21640	21625
87656	21641	21625
87660	21642	21625
87664	21643	21625
87668	21644	21625
87672	21645	21625
87676	21646	21625
87680	21647	21625
87683	21648	21614
87688	21649	21648
87692	21650	21648
87696	21651	21648
87699	21652	21614
87704	21653	21652
87708	21654	21652
87712	21655	21652
87715	21656	21614
87720	21657	21656
87724	21658	21656
87727	21659	21614
87732	21660	21659
87736	21661	21659
87740	21662	21659
87744	21663	21659
87748	21664	21659
87752	21665	21659
87756	21666	21659
87760	21667	21659
87764	21668	21659
87768	21669	21659
87772	21670	21659
87776	21671	21659
87780	21672	21659
87784	21673	21659
87788	21674	21659
87791	21675	21613
87795	21676	21675
87800	21677	21676
87804	21678	21676
87808	21679	21676
87811	21680	21675
87816	21681	21680
87820	21682	21680
87824	21683	21680
87828	21684	21680
87832	21685	21680
87835	21686	21613
87839	21687	21686
87844	21688	21687
87848	21689	21687
87852	21690	21687
87856	21691	21687
87860	21692	21687
87864	21693	21687
87868	21694	21687
87872	21695	21687
87876	21696	21687
87880	21697	21687
87883	21698	21686
87888	21699	21698
87892	21700	21698
87896	21701	21698
87900	21702	21698
87904	21703	21698
87907	21704	21686
87911	21705	21613
87915	21706	21705
87920	21707	21706
87924	21708	21706
87928	21709	21706
87932	21710	21706
87936	21711	21706
87940	21712	21706
87944	21713	21706
87947	21714	21705
87952	21715	21714
87955	21716	21705
87959	21717	21613
87963	21718	21717
87967	21719	21717
87971	21720	21613
87977	21721	21720
87981	21722	21720
87985	21723	21720
87989	21724	21720
87993	21725	21720
87997	21726	21720
88000	21727	21492
88005	21728	21727
88010	21729	21728
88014	21730	21728
88018	21731	21728
88022	21732	21728
88025	21733	21727
88030	21734	21733
88034	21735	21733
88038	21736	21733
88042	21737	21733
88046	21738	21733
88050	21739	21733
88054	21740	21733
88058	21741	21733
88061	21742	21492
88065	21743	21742
88069	21744	21743
88074	21745	21744
88078	21746	21744
88081	21747	21743
88086	21748	21747
88089	21749	21743
88094	21750	21749
88098	21751	21749
88102	21752	21749
88105	21753	21742
88109	21754	21753
88114	21755	21754
88118	21756	21754
88122	21757	21754
88126	21758	21754
88130	21759	21754
88134	21760	21754
88137	21761	21742
88141	21762	21492
88146	21763	21762
88151	21764	21763
88155	21765	21763
88159	21766	21763
88162	21767	21762
88167	21768	21767
88171	21769	21767
88175	21770	21767
88179	21771	21767
88183	21772	21767
88187	21773	21767
88191	21774	21767
88195	21775	21767
88199	21776	21767
88203	21777	21767
88207	21778	21767
88211	21779	21767
88215	21780	21767
88219	21781	21767
88223	21782	21767
88227	21783	21767
88230	21784	21762
88235	21785	21784
88239	21786	21784
88243	21787	21784
88247	21788	21784
88251	21789	21784
88255	21790	21784
88259	21791	21784
88263	21792	21784
88267	21793	21784
88271	21794	21784
88274	21795	21762
88279	21796	21795
88283	21797	21795
88287	21798	21795
88291	21799	21795
88295	21800	21795
88299	21801	21795
88303	21802	21795
88307	21803	21795
88311	21804	21795
88315	21805	21795
88319	21806	21795
88323	21807	21795
88327	21808	21795
88331	21809	21795
88335	21810	21795
88339	21811	21795
88343	21812	21795
88346	21813	21762
88351	21814	21813
88355	21815	21813
88359	21816	21813
88363	21817	21813
88367	21818	21813
88371	21819	21813
88375	21820	21813
88379	21821	21813
88383	21822	21813
88386	21823	21762
88391	21824	21823
88395	21825	21823
88398	21826	21492
88402	21827	21826
88406	21828	21827
88411	21829	21828
88415	21830	21828
88419	21831	21828
88423	21832	21828
88427	21833	21828
88431	21834	21828
88435	21835	21828
88439	21836	21828
88443	21837	21828
88447	21838	21828
88451	21839	21828
88455	21840	21828
88459	21841	21828
88462	21842	21827
88467	21843	21842
88471	21844	21842
88475	21845	21842
88478	21846	21827
88483	21847	21846
88486	21848	21827
88491	21849	21848
88495	21850	21848
88499	21851	21848
88503	21852	21848
88506	21853	21826
88510	21854	21853
88515	21855	21854
88519	21856	21854
88522	21857	21853
88526	21858	21853
88531	21859	21858
88535	21860	21858
88539	21861	21858
88543	21862	21858
88547	21863	21858
88551	21864	21858
88555	21865	21858
88558	21866	21826
88562	21867	21866
88566	21868	21826
88572	21869	21868
88576	21870	21868
88580	21871	21868
88584	21872	21868
88588	21873	21868
88592	21874	21868
88596	21875	21868
88599	21876	21826
88603	21877	21876
88608	21878	21877
88612	21879	21877
88616	21880	21877
88620	21881	21877
88624	21882	21877
88628	21883	21877
88632	21884	21877
88635	21885	21876
88640	21886	21885
88643	21887	21876
88648	21888	21887
88652	21889	21887
88656	21890	21887
88660	21891	21887
88663	21892	21826
88669	21893	21892
88673	21894	21892
88677	21895	21892
88680	21896	21826
88686	21897	21896
88690	21898	21896
88694	21899	21896
88698	21900	21896
88702	21901	21896
88705	21902	21492
88710	21903	21902
88715	21904	21903
88719	21905	21903
88723	21906	21903
88727	21907	21903
88731	21908	21903
88735	21909	21903
88739	21910	21903
88743	21911	21903
88747	21912	21903
88751	21913	21903
88755	21914	21903
88758	21915	21902
88763	21916	21915
88766	21917	21492
88771	21918	21917
88776	21919	21918
88780	21920	21918
88784	21921	21918
88788	21922	21918
88791	21923	21917
88796	21924	21923
88800	21925	21923
88804	21926	21923
88808	21927	21923
88811	21928	21917
88816	21929	21928
88820	21930	21928
88823	21931	21492
88827	21932	21931
88831	21933	21932
88836	21934	21933
88840	21935	21933
88844	21936	21933
88848	21937	21933
88852	21938	21933
88856	21939	21933
88859	21940	21932
88864	21941	21940
88868	21942	21940
88872	21943	21940
88876	21944	21940
88880	21945	21940
88883	21946	21932
88888	21947	21946
88892	21948	21946
88896	21949	21946
88900	21950	21946
88904	21951	21946
88907	21952	21932
88912	21953	21952
88916	21954	21952
88920	21955	21952
88924	21956	21952
88928	21957	21952
88931	21958	21931
88935	21959	21958
88940	21960	21959
88944	21961	21959
88948	21962	21959
88951	21963	21958
88956	21964	21963
88960	21965	21963
88964	21966	21963
88968	21967	21963
88972	21968	21963
88976	21969	21963
88980	21970	21963
88984	21971	21963
88988	21972	21963
88992	21973	21963
88996	21974	21963
89000	21975	21963
89004	21976	21963
89007	21977	21958
89012	21978	21977
89015	21979	21958
89020	21980	21979
89024	21981	21979
89027	21982	21958
89032	21983	21982
89036	21984	21982
89040	21985	21982
89043	21986	21958
89048	21987	21986
89052	21988	21986
89056	21989	21986
89059	21990	21958
89064	21991	21990
89068	21992	21990
89072	21993	21990
89075	21994	21931
89079	21995	21994
89084	21996	21995
89087	21997	21492
89091	21998	21997
89095	21999	21998
89100	22000	21999
89104	22001	21999
89108	22002	21999
89112	22003	21999
89115	22004	21998
89119	22005	21997
89124	22006	21997
89128	22007	22006
89133	22008	22007
89137	22009	22007
89140	22010	22006
89144	22011	22006
89149	22012	22011
89153	22013	22011
89157	22014	22011
89161	22015	22011
89165	22016	22011
89169	22017	22011
89173	22018	22011
89176	22019	21997
89180	22020	22019
89185	22021	22020
89189	22022	22020
89192	22023	22019
89196	22024	21997
89200	22025	22024
89204	22026	22024
89208	22027	22024
89212	22028	22024
89216	22029	22024
89220	22030	21997
89224	22031	22030
89229	22032	22031
89232	22033	22030
89237	22034	22033
89240	22035	21997
89246	22036	22035
89250	22037	22035
89254	22038	22035
89258	22039	22035
89262	22040	22035
89266	22041	22035
89270	22042	22035
89274	22043	22035
89278	22044	22035
89282	22045	22035
89285	22046	21997
89289	22047	22046
89293	22048	22046
89297	22049	22046
89301	22050	21492
89305	22051	22050
89311	22052	22051
89315	22053	22051
89319	22054	22051
89323	22055	22051
89327	22056	22051
89331	22057	22051
89335	22058	22051
89339	22059	22051
89343	22060	22051
89347	22061	22051
89351	22062	22051
89355	22063	22051
89359	22064	22051
89363	22065	22051
89366	22066	22051
89370	22067	22050
89376	22068	22067
89380	22069	22067
89384	22070	22067
89388	22071	22067
89392	22072	22067
89396	22073	22067
89400	22074	22067
89403	22075	22050
89407	22076	22075
89412	22077	22076
89416	22078	22076
89419	22079	22075
89424	22080	22079
89428	22081	22079
89432	22082	22079
89435	22083	22075
89440	22084	22083
89444	22085	22083
89448	22086	22083
89452	22087	22083
89456	22088	22083
89460	22089	22083
89464	22090	22083
89468	22091	22083
89472	22092	22083
89476	22093	22083
89480	22094	22083
89483	22095	22075
89488	22096	22095
89492	22097	22095
89496	22098	22095
89499	22099	22075
89504	22100	22099
89508	22101	22099
89511	22102	22075
89515	22103	21492
89520	22104	21492
89524	22105	22104
89528	22106	22105
89533	22107	22106
89537	22108	22106
89541	22109	22106
89545	22110	22106
89549	22111	22106
89553	22112	22106
89557	22113	22106
89561	22114	22106
89565	22115	22106
89568	22116	22105
89573	22117	22116
89577	22118	22116
89581	22119	22116
89584	22120	22104
89588	22121	21492
89592	22122	21492
89597	22123	22122
89602	22124	22123
89606	22125	22123
89610	22126	22123
89614	22127	22123
89618	22128	22123
89622	22129	22123
89625	22130	22122
89630	22131	22130
89634	22132	22130
89638	22133	22130
89642	22134	22130
89645	22135	22122
89650	22136	22135
89654	22137	22135
89658	22138	22135
89662	22139	22135
89666	22140	22135
89672	22142	22141
89677	22143	22142
89682	22144	22143
89686	22145	22143
89690	22146	22143
89694	22147	22143
89698	22148	22143
89702	22149	22143
89706	22150	22143
89710	22151	22143
89714	22152	22143
89717	22153	22142
89722	22154	22153
89726	22155	22153
89730	22156	22153
89734	22157	22153
89738	22158	22153
89742	22159	22153
89746	22160	22153
89750	22161	22153
89754	22162	22153
89758	22163	22153
89762	22164	22153
89765	22165	22142
89770	22166	22165
89774	22167	22165
89778	22168	22165
89782	22169	22165
89786	22170	22165
89790	22171	22165
89794	22172	22165
89798	22173	22165
89802	22174	22165
89806	22175	22165
89810	22176	22165
89814	22177	22165
89818	22178	22165
89822	22179	22165
89826	22180	22165
89830	22181	22165
89834	22182	22165
89838	22183	22165
89841	22184	22142
89846	22185	22184
89850	22186	22184
89854	22187	22184
89858	22188	22184
89862	22189	22184
89866	22190	22184
89870	22191	22184
89874	22192	22184
89878	22193	22184
89882	22194	22184
89885	22195	22142
89890	22196	22195
89894	22197	22195
89898	22198	22195
89902	22199	22195
89905	22200	22141
89909	22201	22200
89913	22202	22201
89918	22203	22202
89922	22204	22202
89926	22205	22202
89929	22206	22201
89934	22207	22206
89938	22208	22206
89942	22209	22206
89946	22210	22206
89949	22211	22200
89953	22212	22211
89958	22213	22212
89962	22214	22212
89965	22215	22211
89970	22216	22215
89973	22217	22211
89978	22218	22217
89982	22219	22217
89986	22220	22217
89990	22221	22217
89994	22222	22217
89998	22223	22217
90002	22224	22217
90006	22225	22217
90010	22226	22217
90013	22227	22211
90018	22228	22227
90022	22229	22227
90026	22230	22227
90030	22231	22227
90034	22232	22227
90038	22233	22227
90042	22234	22227
90046	22235	22227
90050	22236	22227
90054	22237	22227
90057	22238	22211
90062	22239	22238
90066	22240	22238
90070	22241	22238
90073	22242	22141
90077	22243	22242
90081	22244	22243
90086	22245	22244
90090	22246	22244
90094	22247	22244
90098	22248	22244
90102	22249	22244
90106	22250	22244
90110	22251	22244
90114	22252	22244
90118	22253	22244
90122	22254	22244
90126	22255	22244
90129	22256	22243
90134	22257	22256
90138	22258	22256
90142	22259	22256
90146	22260	22256
90150	22261	22256
90154	22262	22256
90158	22263	22256
90162	22264	22256
90166	22265	22256
90169	22266	22243
90174	22267	22266
90178	22268	22266
90182	22269	22266
90186	22270	22266
90190	22271	22266
90193	22272	22243
90198	22273	22272
90202	22274	22272
90206	22275	22272
90209	22276	22243
90214	22277	22276
90218	22278	22276
90222	22279	22276
90226	22280	22276
90230	22281	22276
90233	22282	22242
90237	22283	22282
90242	22284	22283
90246	22285	22283
90250	22286	22283
90254	22287	22283
90258	22288	22283
90262	22289	22283
90265	22290	22282
90270	22291	22290
90274	22292	22290
90277	22293	22242
90283	22294	22293
90287	22295	22293
90290	22296	22141
90294	22297	22296
90298	22298	22297
90303	22299	22298
90307	22300	22298
90311	22301	22298
90315	22302	22298
90319	22303	22298
90323	22304	22298
90327	22305	22298
90331	22306	22298
90334	22307	22296
90338	22308	22307
90343	22309	22308
90347	22310	22308
90351	22311	22308
90355	22312	22308
90359	22313	22308
90362	22314	22307
90367	22315	22314
90371	22316	22314
90375	22317	22314
90378	22318	22307
90383	22319	22318
90387	22320	22318
90390	22321	22296
90394	22322	22321
90399	22323	22322
90403	22324	22322
90407	22325	22322
90411	22326	22322
90415	22327	22322
90419	22328	22322
90423	22329	22322
90427	22330	22322
90431	22331	22322
90435	22332	22322
90438	22333	22321
90443	22334	22333
90447	22335	22333
90451	22336	22333
90455	22337	22333
90459	22338	22333
90462	22339	22321
90467	22340	22339
90471	22341	22339
90475	22342	22339
90479	22343	22339
90483	22344	22339
90486	22345	22296
90490	22346	22345
90494	22347	22345
90498	22348	22296
90502	22349	22348
90507	22350	22349
90511	22351	22349
90515	22352	22349
90519	22353	22349
90523	22354	22349
90527	22355	22349
90531	22356	22349
90535	22357	22349
90539	22358	22349
90543	22359	22349
90547	22360	22349
90551	22361	22349
90555	22362	22349
90559	22363	22349
90563	22364	22349
90567	22365	22349
90571	22366	22349
90575	22367	22349
90578	22368	22348
90583	22369	22368
90587	22370	22368
90591	22371	22368
90594	22372	22348
90598	22373	22348
90603	22374	22373
90606	22375	22296
90610	22376	22375
90614	22377	22375
90618	22378	22141
90623	22379	22378
90628	22380	22379
90632	22381	22379
90636	22382	22379
90640	22383	22379
90644	22384	22379
90648	22385	22379
90652	22386	22379
90655	22387	22378
90660	22388	22387
90666	22390	22389
90670	22391	22390
90674	22392	22391
90679	22393	22392
90683	22394	22392
90687	22395	22392
90691	22396	22392
90695	22397	22392
90699	22398	22392
90703	22399	22392
90707	22400	22392
90711	22401	22392
90715	22402	22392
90718	22403	22391
90723	22404	22403
90727	22405	22403
90730	22406	22391
90735	22407	22406
90739	22408	22406
90742	22409	22391
90747	22410	22409
90750	22411	22390
90754	22412	22411
90759	22413	22412
90763	22414	22412
90767	22415	22412
90771	22416	22412
90775	22417	22412
90779	22418	22412
90783	22419	22412
90787	22420	22412
90791	22421	22412
90794	22422	22411
90799	22423	22422
90803	22424	22422
90807	22425	22422
90811	22426	22422
90814	22427	22411
90819	22428	22427
90823	22429	22427
90827	22430	22427
90831	22431	22427
90834	22432	22411
90839	22433	22432
90843	22434	22432
90847	22435	22432
90851	22436	22432
90855	22437	22432
90858	22438	22411
90863	22439	22438
90867	22440	22438
90870	22441	22390
90874	22442	22441
90879	22443	22442
90883	22444	22442
90887	22445	22442
90891	22446	22442
90895	22447	22442
90899	22448	22442
90903	22449	22442
90907	22450	22442
90911	22451	22442
90915	22452	22442
90919	22453	22442
90923	22454	22442
90927	22455	22442
90931	22456	22442
90935	22457	22442
90939	22458	22442
90943	22459	22442
90947	22460	22442
90951	22461	22442
90955	22462	22442
90959	22463	22442
90963	22464	22442
90967	22465	22442
90971	22466	22442
90975	22467	22442
90978	22468	22441
90983	22469	22468
90987	22470	22468
90991	22471	22468
90995	22472	22468
90998	22473	22441
91003	22474	22473
91007	22475	22473
91011	22476	22473
91014	22477	22390
91018	22478	22477
91023	22479	22478
91027	22480	22478
91031	22481	22478
91035	22482	22478
91039	22483	22478
91043	22484	22478
91047	22485	22478
91051	22486	22478
91055	22487	22478
91059	22488	22478
91063	22489	22478
91067	22490	22478
91071	22491	22478
91075	22492	22478
91079	22493	22478
91083	22494	22478
91087	22495	22478
91091	22496	22478
91094	22497	22477
91099	22498	22497
91102	22499	22477
91107	22500	22499
91111	22501	22499
91115	22502	22499
91119	22503	22499
91123	22504	22499
91127	22505	22499
91131	22506	22499
91135	22507	22499
91139	22508	22499
91143	22509	22499
91147	22510	22499
91151	22511	22499
91155	22512	22499
91159	22513	22499
91163	22514	22499
91167	22515	22499
91171	22516	22499
91175	22517	22499
91179	22518	22499
91183	22519	22499
91187	22520	22499
91190	22521	22390
91194	22522	22521
91199	22523	22522
91204	22524	22521
91208	22525	22521
91212	22526	22521
91216	22527	22521
91220	22528	22521
91224	22529	22521
91228	22530	22521
91232	22531	22521
91236	22532	22521
91240	22533	22521
91244	22534	22521
91248	22535	22521
91251	22536	22521
91255	22537	22389
91259	22538	22537
91263	22539	22538
91268	22540	22539
91272	22541	22539
91276	22542	22539
91280	22543	22539
91284	22544	22539
91288	22545	22539
91292	22546	22539
91296	22547	22539
91300	22548	22539
91304	22549	22539
91307	22550	22538
91312	22551	22550
91316	22552	22550
91319	22553	22538
91324	22554	22553
91328	22555	22553
91332	22556	22553
91336	22557	22553
91340	22558	22553
91343	22559	22537
91347	22560	22559
91352	22561	22560
91355	22562	22559
91360	22563	22562
91363	22564	22559
91367	22565	22537
91371	22566	22565
91376	22567	22566
91380	22568	22566
91384	22569	22566
91388	22570	22566
91392	22571	22566
91395	22572	22565
91400	22573	22572
91404	22574	22572
91408	22575	22572
91412	22576	22572
91416	22577	22572
91420	22578	22572
91424	22579	22572
91427	22580	22537
91431	22581	22580
91436	22582	22581
91439	22583	22580
91444	22584	22583
91448	22585	22583
91452	22586	22583
91456	22587	22583
91459	22588	22580
91464	22589	22588
91467	22590	22580
91472	22591	22590
91475	22592	22580
91480	22593	22592
91483	22594	22537
91487	22595	22594
91492	22596	22595
91495	22597	22594
91500	22598	22597
91503	22599	22594
91508	22600	22599
91511	22601	22594
91516	22602	22601
91519	22603	22537
91523	22604	22603
91528	22605	22604
91532	22606	22604
91536	22607	22604
91540	22608	22604
91544	22609	22604
91548	22610	22604
91552	22611	22604
91556	22612	22604
91560	22613	22604
91564	22614	22604
91568	22615	22604
91571	22616	22603
91576	22617	22616
91579	22618	22603
91584	22619	22618
91588	22620	22618
91591	22621	22603
91596	22622	22621
91599	22623	22603
91604	22624	22623
91607	22625	22603
91612	22626	22625
91616	22627	22625
91620	22628	22625
91624	22629	22625
91628	22630	22625
91631	22631	22603
91636	22632	22631
91639	22633	22603
91644	22634	22633
91647	22635	22603
91651	22636	22603
91656	22637	22636
91659	22638	22537
91663	22639	22389
91667	22640	22639
91671	22641	22640
91676	22642	22641
91680	22643	22641
91684	22644	22641
91688	22645	22641
91692	22646	22641
91696	22647	22641
91700	22648	22641
91704	22649	22641
91708	22650	22641
91712	22651	22641
91715	22652	22640
91720	22653	22652
91724	22654	22652
91728	22655	22652
91732	22656	22652
91736	22657	22652
91740	22658	22652
91744	22659	22652
91748	22660	22652
91752	22661	22652
91755	22662	22640
91760	22663	22662
91764	22664	22662
91767	22665	22640
91772	22666	22665
91775	22667	22639
91779	22668	22667
91784	22669	22668
91788	22670	22668
91792	22671	22668
91796	22672	22668
91800	22673	22668
91804	22674	22668
91808	22675	22668
91812	22676	22668
91816	22677	22668
91820	22678	22668
91824	22679	22668
91828	22680	22668
91831	22681	22667
91836	22682	22681
91840	22683	22681
91844	22684	22681
91848	22685	22681
91852	22686	22681
91855	22687	22667
91860	22688	22687
91863	22689	22667
91868	22690	22689
91871	22691	22667
91875	22692	22667
91880	22693	22692
91883	22694	22639
91887	22695	22694
91892	22696	22695
91896	22697	22695
91900	22698	22695
91904	22699	22695
91907	22700	22694
91912	22701	22700
91916	22702	22700
91919	22703	22694
91924	22704	22703
91928	22705	22703
91931	22706	22694
91936	22707	22706
91939	22708	22694
91944	22709	22708
91947	22710	22639
91951	22711	22710
91956	22712	22711
91960	22713	22711
91964	22714	22711
91967	22715	22710
91972	22716	22715
91976	22717	22715
91979	22718	22639
91983	22719	22718
91988	22720	22719
91992	22721	22719
91996	22722	22719
92000	22723	22719
92004	22724	22719
92008	22725	22719
92012	22726	22719
92016	22727	22719
92020	22728	22719
92024	22729	22719
92027	22730	22718
92032	22731	22730
92036	22732	22730
92039	22733	22389
92044	22734	22733
92049	22735	22734
92053	22736	22734
92057	22737	22734
92060	22738	22733
92065	22739	22738
92069	22740	22738
92072	22741	22733
92077	22742	22741
92081	22743	22741
92085	22744	22741
92089	22745	22741
92092	22746	22733
92097	22747	22746
92101	22748	22746
92105	22749	22746
92109	22750	22746
92112	22751	22733
92117	22752	22751
92121	22753	22751
92125	22754	22751
92129	22755	22751
92133	22756	22751
92136	22757	22733
92141	22758	22757
92144	22759	22733
92149	22760	22759
92153	22761	22759
92157	22762	22759
92161	22763	22759
92165	22764	22759
92169	22765	22759
92173	22766	22759
92177	22767	22759
92181	22768	22759
92185	22769	22759
92189	22770	22759
92193	22771	22759
92197	22772	22759
92201	22773	22759
92205	22774	22759
92209	22775	22759
92212	22776	22389
92216	22777	22776
92220	22778	22777
92225	22779	22778
92229	22780	22778
92233	22781	22778
92237	22782	22778
92241	22783	22778
92245	22784	22778
92249	22785	22778
92253	22786	22778
92256	22787	22777
92260	22788	22777
92265	22789	22788
92269	22790	22788
92273	22791	22788
92277	22792	22788
92281	22793	22788
92285	22794	22788
92289	22795	22788
92292	22796	22777
92297	22797	22796
92301	22798	22796
92305	22799	22796
92309	22800	22796
92313	22801	22796
92316	22802	22776
92320	22803	22802
92325	22804	22803
92329	22805	22803
92333	22806	22803
92337	22807	22803
92341	22808	22803
92345	22809	22803
92348	22810	22802
92353	22811	22810
92357	22812	22810
92361	22813	22810
92365	22814	22810
92369	22815	22810
92373	22816	22810
92376	22817	22802
92381	22818	22817
92385	22819	22817
92388	22820	22776
92392	22821	22820
92397	22822	22821
92401	22823	22821
92405	22824	22821
92409	22825	22821
92413	22826	22821
92417	22827	22821
92421	22828	22821
92425	22829	22821
92428	22830	22820
92433	22831	22830
92436	22832	22389
92441	22833	22832
92446	22834	22833
92450	22835	22833
92454	22836	22833
92458	22837	22833
92462	22838	22833
92466	22839	22833
92470	22840	22833
92474	22841	22833
92478	22842	22833
92482	22843	22833
92486	22844	22833
92490	22845	22833
92494	22846	22833
92498	22847	22833
92502	22848	22833
92505	22849	22832
92510	22850	22849
92514	22851	22849
92518	22852	22849
92522	22853	22849
92526	22854	22849
92530	22855	22849
92534	22856	22849
92538	22857	22849
92542	22858	22849
92546	22859	22849
92550	22860	22849
92554	22861	22849
92558	22862	22849
92562	22863	22849
92565	22864	22832
92570	22865	22864
92574	22866	22864
92577	22867	22832
92581	22868	22867
92586	22869	22868
92590	22870	22868
92594	22871	22868
92598	22872	22868
92602	22873	22868
92606	22874	22868
92609	22875	22867
92614	22876	22875
92618	22877	22875
92622	22878	22875
92626	22879	22875
92630	22880	22875
92634	22881	22875
92637	22882	22867
92642	22883	22882
92645	22884	22832
92649	22885	22884
92654	22886	22885
92658	22887	22885
92662	22888	22885
92666	22889	22885
92669	22890	22884
92674	22891	22890
92678	22892	22890
92682	22893	22890
92685	22894	22884
92690	22895	22894
92693	22896	22832
92697	22897	22896
92702	22898	22897
92705	22899	22896
92710	22900	22899
92713	22901	22832
92717	22902	22901
92721	22903	22901
92725	22904	22832
92729	22905	22904
92734	22906	22905
92737	22907	22904
92742	22908	22907
92746	22909	22907
92749	22910	22389
92753	22911	22910
92757	22912	22911
92762	22913	22912
92766	22914	22912
92770	22915	22912
92774	22916	22912
92778	22917	22912
92782	22918	22912
92786	22919	22912
92790	22920	22912
92794	22921	22912
92798	22922	22912
92802	22923	22912
92806	22924	22912
92810	22925	22912
92814	22926	22912
92818	22927	22912
92821	22928	22911
92826	22929	22928
92829	22930	22910
92833	22931	22930
92838	22932	22931
92842	22933	22931
92846	22934	22931
92849	22935	22930
92854	22936	22935
92857	22937	22910
92861	22938	22937
92866	22939	22938
92870	22940	22938
92873	22941	22937
92878	22942	22941
92882	22943	22941
92885	22944	22910
92891	22945	22944
92894	22946	22389
92898	22947	22946
92904	22948	22947
92908	22949	22947
92912	22950	22947
92916	22951	22947
92920	22952	22947
92924	22953	22947
92928	22954	22947
92932	22955	22947
92936	22956	22947
92940	22957	22947
92944	22958	22947
92948	22959	22947
92952	22960	22947
92956	22961	22947
92960	22962	22947
92964	22963	22947
92967	22964	22946
92971	22965	22964
92976	22966	22965
92980	22967	22965
92984	22968	22965
92988	22969	22965
92992	22970	22965
92996	22971	22965
93000	22972	22965
93004	22973	22965
93008	22974	22965
93012	22975	22965
93016	22976	22965
93019	22977	22964
93024	22978	22977
93028	22979	22977
93031	22980	22946
93037	22981	22980
93041	22982	22980
93045	22983	22980
93049	22984	22980
93053	22985	22980
93057	22986	22980
93061	22987	22980
93064	22988	22946
93068	22989	22988
93073	22990	22989
93077	22991	22989
93081	22992	22989
93085	22993	22989
93088	22994	22946
93092	22995	22994
93097	22996	22995
93100	22997	22389
93104	22998	22997
93108	22999	22998
93113	23000	22999
93117	23001	22999
93121	23002	22999
93125	23003	22999
93129	23004	22999
93133	23005	22999
93136	23006	22998
93141	23007	23006
93145	23008	23006
93149	23009	23006
93153	23010	23006
93157	23011	23006
93161	23012	23006
93165	23013	23006
93169	23014	23006
93173	23015	23006
93177	23016	23006
93180	23017	22998
93185	23018	23017
93189	23019	23017
93193	23020	23017
93196	23021	22998
93201	23022	23021
93205	23023	23021
93209	23024	23021
93213	23025	23021
93217	23026	23021
93221	23027	23021
93224	23028	22998
93229	23029	23028
93233	23030	23028
93237	23031	23028
93241	23032	23028
93245	23033	23028
93249	23034	23028
93253	23035	23028
93257	23036	23028
93263	23038	23037
93267	23039	23038
93271	23040	23039
93276	23041	23040
93280	23042	23040
93284	23043	23040
93288	23044	23040
93292	23045	23040
93296	23046	23040
93300	23047	23040
93304	23048	23040
93307	23049	23039
93312	23050	23049
93316	23051	23049
93320	23052	23049
93324	23053	23049
93328	23054	23049
93332	23055	23049
93336	23056	23049
93340	23057	23049
93344	23058	23049
93348	23059	23049
93352	23060	23049
93356	23061	23049
93360	23062	23049
93364	23063	23049
93368	23064	23049
93372	23065	23049
93376	23066	23049
93380	23067	23049
93384	23068	23049
93387	23069	23039
93392	23070	23069
93396	23071	23069
93400	23072	23069
93404	23073	23069
93408	23074	23069
93412	23075	23069
93416	23076	23069
93420	23077	23069
93424	23078	23069
93428	23079	23069
93432	23080	23069
93436	23081	23069
93440	23082	23069
93444	23083	23069
93448	23084	23069
93452	23085	23069
93456	23086	23069
93460	23087	23069
93464	23088	23069
93468	23089	23069
93472	23090	23069
93476	23091	23069
93479	23092	23038
93485	23093	23092
93489	23094	23092
93492	23095	23037
93497	23096	23095
93501	23097	23095
93505	23098	23095
93509	23099	23095
93513	23100	23095
93518	23101	23100
93522	23102	23100
93525	23103	23095
93529	23104	23095
93533	23105	23095
93537	23106	23105
93542	23107	23106
93546	23108	23106
93549	23109	23105
93554	23110	23109
93557	23111	23037
93561	23112	23111
93565	23113	23112
93569	23114	23112
93574	23115	23114
93578	23116	23114
93582	23117	23114
93586	23118	23114
93590	23119	23114
93594	23120	23114
93598	23121	23114
93602	23122	23114
93606	23123	23114
93609	23124	23111
93613	23125	23124
93618	23126	23125
93622	23127	23125
93626	23128	23125
93629	23129	23037
93634	23130	23129
93639	23131	23130
93643	23132	23130
93647	23133	23130
93651	23134	23130
93655	23135	23130
93659	23136	23130
93663	23137	23130
93667	23138	23130
93671	23139	23130
93675	23140	23130
93679	23141	23130
93683	23142	23130
93687	23143	23130
93691	23144	23130
93694	23145	23129
93699	23146	23145
93703	23147	23145
93707	23148	23145
93711	23149	23145
93715	23150	23145
93719	23151	23145
93723	23152	23145
93726	23153	23129
93730	23154	23037
93734	23155	23154
93738	23156	23155
93742	23157	23155
93747	23158	23157
93751	23159	23157
93754	23160	23155
93759	23161	23160
93763	23162	23160
93766	23163	23155
93771	23164	23163
93775	23165	23163
93779	23166	23163
93783	23167	23163
93787	23168	23163
93790	23169	23154
93794	23170	23169
93799	23171	23170
93803	23172	23170
93807	23173	23170
93810	23174	23169
93815	23175	23174
93819	23176	23174
93822	23177	23169
93827	23178	23177
93830	23179	23037
93834	23180	23179
93838	23181	23180
93843	23182	23181
93847	23183	23181
93851	23184	23181
93855	23185	23181
93858	23186	23180
93863	23187	23186
93867	23188	23186
93871	23189	23186
93875	23190	23186
93879	23191	23186
93883	23192	23186
93887	23193	23186
93891	23194	23186
93895	23195	23186
93899	23196	23186
93902	23197	23179
93906	23198	23197
93911	23199	23198
93915	23200	23198
93919	23201	23198
93923	23202	23198
93927	23203	23198
93930	23204	23197
93935	23205	23204
93939	23206	23204
93943	23207	23204
93947	23208	23204
93951	23209	23204
93955	23210	23204
93959	23211	23204
93963	23212	23204
93967	23213	23204
93971	23214	23204
93974	23215	23197
93979	23216	23215
93982	23217	23179
93986	23218	23037
93990	23219	23218
93994	23220	23219
93999	23221	23220
94003	23222	23220
94007	23223	23220
94010	23224	23219
94015	23225	23224
94019	23226	23224
94023	23227	23224
94027	23228	23224
94031	23229	23224
94035	23230	23224
94039	23231	23224
94043	23232	23224
94047	23233	23224
94051	23234	23224
94055	23235	23224
94059	23236	23224
94063	23237	23224
94067	23238	23224
94070	23239	23219
94075	23240	23239
94079	23241	23239
94083	23242	23239
94087	23243	23239
94091	23244	23239
94095	23245	23239
94099	23246	23239
94103	23247	23239
94107	23248	23239
94111	23249	23239
94115	23250	23239
94119	23251	23239
94123	23252	23239
94127	23253	23239
94131	23254	23239
94135	23255	23239
94139	23256	23239
94143	23257	23239
94147	23258	23239
94151	23259	23239
94154	23260	23219
94159	23261	23260
94163	23262	23260
94166	23263	23218
94170	23264	23263
94175	23265	23264
94179	23266	23264
94182	23267	23263
94187	23268	23267
94191	23269	23267
94195	23270	23267
94199	23271	23267
94202	23272	23263
94207	23273	23272
94211	23274	23272
94215	23275	23272
94219	23276	23272
94222	23277	23263
94226	23278	23218
94230	23279	23278
94235	23280	23279
94239	23281	23279
94243	23282	23279
94246	23283	23278
94251	23284	23283
94255	23285	23283
94259	23286	23283
94263	23287	23283
94267	23288	23283
94270	23289	23278
94275	23290	23289
94279	23291	23289
94283	23292	23289
94287	23293	23289
94291	23294	23289
94295	23295	23289
94298	23296	23278
94303	23297	23296
94306	23298	23218
94310	23299	23298
94315	23300	23299
94319	23301	23299
94322	23302	23298
94327	23303	23302
94331	23304	23302
94335	23305	23302
94339	23306	23302
94343	23307	23302
94347	23308	23302
94350	23309	23298
94355	23310	23309
94359	23311	23309
94363	23312	23309
94367	23313	23309
94370	23314	23298
94374	23315	23037
94379	23316	23315
94384	23317	23316
94388	23318	23316
94392	23319	23316
94395	23320	23315
94399	23321	23315
94404	23322	23321
94408	23323	23321
94412	23324	23321
94416	23325	23321
94420	23326	23321
94424	23327	23321
94427	23328	23315
94431	23329	23315
94436	23330	23329
94440	23331	23329
94444	23332	23329
94448	23333	23329
94452	23334	23329
94456	23335	23329
94459	23336	23315
94464	23337	23336
94467	23338	23315
94472	23339	23338
94476	23340	23338
94480	23341	23338
94484	23342	23338
94487	23343	23315
94492	23344	23343
94496	23345	23343
94500	23346	23343
94504	23347	23343
94507	23348	23315
94512	23349	23348
94516	23350	23348
94520	23351	23348
94524	23352	23348
94528	23353	23348
94532	23354	23348
94536	23355	23348
94540	23356	23348
94543	23357	23315
94548	23358	23357
94552	23359	23357
94556	23360	23357
94560	23361	23357
94564	23362	23357
94568	23363	23357
94572	23364	23357
94575	23365	23315
94580	23366	23365
94584	23367	23365
94587	23368	23315
94592	23369	23368
94596	23370	23368
94600	23371	23368
94604	23372	23368
94608	23373	23368
94612	23374	23368
94616	23375	23368
94620	23376	23368
94624	23377	23368
94627	23378	23037
94632	23379	23378
94637	23380	23379
94641	23381	23379
94645	23382	23379
94649	23383	23379
94653	23384	23379
94657	23385	23379
94661	23386	23379
94665	23387	23379
94669	23388	23379
94673	23389	23379
94677	23390	23379
94681	23391	23379
94684	23392	23378
94689	23393	23392
94693	23394	23392
94696	23395	23378
94700	23396	23037
94704	23397	23396
94708	23398	23397
94713	23399	23398
94717	23400	23398
94721	23401	23398
94724	23402	23397
94729	23403	23402
94733	23404	23402
94737	23405	23402
94741	23406	23402
94744	23407	23397
94749	23408	23407
94753	23409	23407
94757	23410	23407
94761	23411	23407
94765	23412	23407
94769	23413	23407
94773	23414	23407
94776	23415	23397
94781	23416	23415
94785	23417	23415
94788	23418	23397
94793	23419	23418
94797	23420	23418
94801	23421	23418
94805	23422	23418
94809	23423	23418
94812	23424	23397
94817	23425	23424
94821	23426	23424
94825	23427	23424
94829	23428	23424
94833	23429	23424
94836	23430	23396
94840	23431	23430
94845	23432	23431
94848	23433	23430
94853	23434	23433
94856	23435	23037
94861	23436	23435
94865	23437	23435
94870	23438	23437
94874	23439	23437
94878	23440	23437
94882	23441	23437
94886	23442	23437
94890	23443	23437
94894	23444	23437
94897	23445	23435
94902	23446	23445
94905	23447	23435
94909	23448	23435
94914	23449	23448
94918	23450	23448
94922	23451	23448
94926	23452	23448
94930	23453	23448
94934	23454	23448
94938	23455	23448
94942	23456	23448
94946	23457	23448
94950	23458	23448
94954	23459	23448
94958	23460	23448
94962	23461	23448
94966	23462	23448
94970	23463	23448
94976	23465	23464
94980	23466	23465
94984	23467	23466
94989	23468	23467
94993	23469	23467
94997	23470	23467
95001	23471	23467
95005	23472	23467
95009	23473	23467
95013	23474	23467
95017	23475	23467
95021	23476	23467
95025	23477	23467
95029	23478	23467
95033	23479	23467
95036	23480	23466
95041	23481	23480
95044	23482	23466
95049	23483	23482
95053	23484	23482
95057	23485	23482
95061	23486	23482
95065	23487	23482
95069	23488	23482
95072	23489	23466
95077	23490	23489
95081	23491	23489
95085	23492	23489
95088	23493	23466
95093	23494	23493
95097	23495	23493
95100	23496	23466
95105	23497	23496
95109	23498	23496
95113	23499	23496
95117	23500	23496
95121	23501	23496
95125	23502	23496
95129	23503	23496
95133	23504	23496
95137	23505	23496
95141	23506	23496
95145	23507	23496
95149	23508	23496
95153	23509	23496
95157	23510	23496
95161	23511	23496
95164	23512	23466
95169	23513	23512
95172	23514	23466
95177	23515	23514
95181	23516	23514
95185	23517	23514
95189	23518	23514
95193	23519	23514
95197	23520	23514
95201	23521	23514
95205	23522	23514
95209	23523	23514
95213	23524	23514
95217	23525	23514
95221	23526	23514
95224	23527	23465
95228	23528	23527
95232	23529	23527
95236	23530	23527
95240	23531	23527
95244	23532	23527
95248	23533	23464
95252	23534	23533
95256	23535	23534
95261	23536	23535
95265	23537	23535
95269	23538	23535
95272	23539	23534
95277	23540	23539
95280	23541	23534
95285	23542	23541
95289	23543	23541
95293	23544	23541
95297	23545	23541
95301	23546	23541
95304	23547	23534
95308	23548	23533
95312	23549	23548
95317	23550	23549
95321	23551	23549
95325	23552	23549
95328	23553	23548
95333	23554	23553
95337	23555	23533
95342	23556	23555
95346	23557	23555
95350	23558	23555
95353	23559	23533
95358	23560	23559
95362	23561	23559
95366	23562	23559
95370	23563	23559
95374	23564	23559
95377	23565	23533
95382	23566	23565
95386	23567	23565
95390	23568	23565
95394	23569	23565
95399	23570	23533
95402	23571	23464
95406	23572	23571
95410	23573	23572
95415	23574	23573
95419	23575	23573
95423	23576	23573
95427	23577	23573
95431	23578	23573
95435	23579	23573
95439	23580	23573
95443	23581	23573
95447	23582	23573
95451	23583	23573
95455	23584	23573
95459	23585	23573
95462	23586	23572
95467	23587	23586
95471	23588	23586
95475	23589	23586
95479	23590	23586
95483	23591	23586
95487	23592	23586
95491	23593	23586
95494	23594	23572
95499	23595	23594
95503	23596	23594
95507	23597	23594
95511	23598	23594
95515	23599	23594
95519	23600	23594
95523	23601	23594
95527	23602	23594
95531	23603	23594
95534	23604	23571
95538	23605	23604
95543	23606	23605
95547	23607	23605
95551	23608	23605
95554	23609	23604
95559	23610	23609
95563	23611	23609
95566	23612	23571
95570	23613	23612
95575	23614	23613
95579	23615	23613
95583	23616	23613
95587	23617	23613
95591	23618	23613
95595	23619	23613
95599	23620	23613
95603	23621	23613
95606	23622	23612
95611	23623	23622
95615	23624	23622
95619	23625	23622
95623	23626	23622
95626	23627	23612
95631	23628	23627
95635	23629	23627
95639	23630	23627
95643	23631	23627
95646	23632	23571
95650	23633	23632
95655	23634	23633
95659	23635	23633
95663	23636	23633
95667	23637	23633
95670	23638	23632
95675	23639	23638
95679	23640	23638
95683	23641	23638
95687	23642	23638
95691	23643	23638
95695	23644	23638
95699	23645	23638
95702	23646	23632
95707	23647	23646
95711	23648	23646
95715	23649	23646
95719	23650	23646
95723	23651	23646
95727	23652	23646
95731	23653	23646
95734	23654	23571
95738	23655	23654
95743	23656	23655
95747	23657	23655
95751	23658	23655
95754	23659	23654
95758	23660	23654
95763	23661	23660
95766	23662	23571
95770	23663	23662
95775	23664	23663
95779	23665	23663
95783	23666	23663
95787	23667	23663
95791	23668	23663
95795	23669	23663
95799	23670	23663
95803	23671	23663
95807	23672	23663
95811	23673	23663
95815	23674	23663
95819	23675	23663
95823	23676	23663
95827	23677	23663
95831	23678	23663
95834	23679	23662
95839	23680	23679
95843	23681	23679
95847	23682	23679
95851	23683	23679
95855	23684	23679
95859	23685	23679
95863	23686	23679
95867	23687	23679
95871	23688	23679
95875	23689	23679
95879	23690	23679
95882	23691	23571
95886	23692	23691
95891	23693	23692
95895	23694	23692
95899	23695	23692
95903	23696	23692
95907	23697	23692
95911	23698	23692
95915	23699	23692
95918	23700	23691
95923	23701	23700
95927	23702	23700
95931	23703	23700
95934	23704	23571
95938	23705	23704
95943	23706	23705
95946	23707	23704
95951	23708	23707
95954	23709	23571
95958	23710	23709
95963	23711	23710
95967	23712	23710
95970	23713	23709
95975	23714	23713
95978	23715	23709
95983	23716	23715
95986	23717	23464
95990	23718	23717
95994	23719	23718
95999	23720	23719
96003	23721	23719
96006	23722	23718
96010	23723	23718
96015	23724	23723
96019	23725	23723
96023	23726	23723
96027	23727	23723
96031	23728	23723
96035	23729	23723
96039	23730	23723
96042	23731	23718
96047	23732	23731
96051	23733	23731
96055	23734	23731
96059	23735	23731
96063	23736	23731
96067	23737	23731
96071	23738	23731
96075	23739	23731
96078	23740	23718
96083	23741	23740
96087	23742	23740
96091	23743	23740
96095	23744	23740
96099	23745	23740
96103	23746	23740
96107	23747	23740
96110	23748	23717
96114	23749	23748
96119	23750	23749
96123	23751	23749
96127	23752	23749
96130	23753	23748
96135	23754	23753
96138	23755	23748
96143	23756	23755
96147	23757	23755
96151	23758	23755
96157	23760	23759
96161	23761	23760
96165	23762	23761
96170	23763	23762
96174	23764	23762
96177	23765	23761
96182	23766	23765
96185	23767	23761
96190	23768	23767
96194	23769	23767
96198	23770	23767
96202	23771	23767
96205	23772	23760
96209	23773	23772
96214	23774	23773
96218	23775	23773
96222	23776	23773
96226	23777	23773
96230	23778	23773
96234	23779	23773
96237	23780	23772
96242	23781	23780
96246	23782	23780
96250	23783	23780
96253	23784	23760
96257	23785	23784
96262	23786	23785
96266	23787	23785
96270	23788	23785
96273	23789	23784
96278	23790	23789
96282	23791	23789
96286	23792	23789
96289	23793	23784
96294	23794	23793
96298	23795	23793
96301	23796	23759
96305	23797	23796
96309	23798	23797
96314	23799	23798
96318	23800	23798
96322	23801	23798
96325	23802	23797
96330	23803	23802
96334	23804	23802
96338	23805	23802
96342	23806	23802
96346	23807	23802
96350	23808	23802
96354	23809	23802
96358	23810	23802
96362	23811	23802
96366	23812	23802
96370	23813	23802
96374	23814	23802
96378	23815	23802
96382	23816	23802
96386	23817	23802
96390	23818	23802
96394	23819	23802
96397	23820	23796
96403	23821	23820
96406	23822	23796
96410	23823	23822
96415	23824	23823
96418	23825	23759
96422	23826	23825
96426	23827	23826
96431	23828	23827
96435	23829	23827
96439	23830	23827
96443	23831	23827
96447	23832	23827
96450	23833	23825
96454	23834	23833
96459	23835	23834
96463	23836	23834
96467	23837	23834
96470	23838	23833
96475	23839	23838
96479	23840	23838
96483	23841	23838
96486	23842	23833
96491	23843	23842
96494	23844	23833
96499	23845	23844
96503	23846	23844
96506	23847	23825
96511	23848	23759
96515	23849	23848
96521	23850	23849
96524	23851	23759
96528	23852	23851
96534	23853	23852
96537	23854	23851
96541	23855	23854
96546	23856	23855
96550	23857	23855
96554	23858	23855
96558	23859	23855
96564	23861	23860
96568	23862	23861
96574	23863	23862
96578	23864	23862
96582	23865	23862
96586	23866	23862
96590	23867	23862
96594	23868	23862
96598	23869	23862
96602	23870	23862
96606	23871	23862
96610	23872	23862
96614	23873	23862
96618	23874	23862
96622	23875	23862
96625	23876	23861
96631	23877	23876
96635	23878	23876
96639	23879	23876
96642	23880	23861
96646	23881	23880
96651	23882	23881
96655	23883	23881
96659	23884	23881
96663	23885	23881
96667	23886	23881
96671	23887	23881
96675	23888	23881
96679	23889	23881
96683	23890	23881
96687	23891	23881
96691	23892	23881
96695	23893	23881
96699	23894	23881
96703	23895	23881
96707	23896	23881
96711	23897	23881
96715	23898	23881
96719	23899	23881
96723	23900	23881
96727	23901	23881
96730	23902	23880
96735	23903	23902
96739	23904	23902
96743	23905	23902
96747	23906	23902
96751	23907	23902
96755	23908	23902
96759	23909	23902
96763	23910	23902
96767	23911	23902
96771	23912	23902
96775	23913	23902
96778	23914	23880
96783	23915	23914
96787	23916	23914
96791	23917	23914
96795	23918	23914
96799	23919	23914
96802	23920	23880
96807	23921	23920
96811	23922	23920
96814	23923	23880
96819	23924	23923
96823	23925	23923
96827	23926	23923
96831	23927	23923
96835	23928	23923
96839	23929	23923
96842	23930	23861
96846	23931	23930
96851	23932	23931
96855	23933	23931
96859	23934	23931
96863	23935	23931
96867	23936	23931
96871	23937	23931
96875	23938	23931
96879	23939	23931
96883	23940	23931
96887	23941	23931
96891	23942	23931
96895	23943	23931
96899	23944	23931
96903	23945	23931
96907	23946	23931
96911	23947	23931
96915	23948	23931
96919	23949	23931
96923	23950	23931
96927	23951	23931
96931	23952	23931
96935	23953	23931
96939	23954	23931
96943	23955	23931
96947	23956	23931
96951	23957	23931
96955	23958	23931
96959	23959	23931
96963	23960	23931
96967	23961	23931
96971	23962	23931
96975	23963	23931
96979	23964	23931
96983	23965	23931
96987	23966	23931
96991	23967	23931
96995	23968	23931
96999	23969	23931
97003	23970	23931
97007	23971	23931
97010	23972	23930
97015	23973	23972
97018	23974	23930
97023	23975	23974
97027	23976	23974
97030	23977	23861
97034	23978	23977
97039	23979	23978
97043	23980	23978
97046	23981	23977
97051	23982	23981
97055	23983	23981
97059	23984	23981
97063	23985	23981
97067	23986	23981
97071	23987	23981
97075	23988	23981
97079	23989	23981
97083	23990	23981
97086	23991	23977
97091	23992	23991
97095	23993	23991
97099	23994	23991
97103	23995	23991
97106	23996	23977
97111	23997	23996
97115	23998	23996
97119	23999	23996
97123	24000	23996
97127	24001	23996
97131	24002	23996
97135	24003	23996
97139	24004	23996
97143	24005	23996
97147	24006	23996
97150	24007	23977
97155	24008	24007
97159	24009	24007
97163	24010	24007
97167	24011	24007
97171	24012	24007
97174	24013	23861
97178	24014	24013
97183	24015	24014
97187	24016	24014
97191	24017	24014
97195	24018	24014
97199	24019	24014
97203	24020	24014
97207	24021	24014
97211	24022	24014
97215	24023	24014
97219	24024	24014
97223	24025	24014
97227	24026	24014
97231	24027	24014
97234	24028	24013
97239	24029	24028
97243	24030	24028
97246	24031	24013
97251	24032	24031
97255	24033	24031
97258	24034	23861
97262	24035	24034
97267	24036	24035
97271	24037	24035
97274	24038	24034
97279	24039	24038
97283	24040	24038
97287	24041	24038
97291	24042	24038
97295	24043	24038
97299	24044	24038
97303	24045	24038
97307	24046	24038
97311	24047	24038
97315	24048	24038
97318	24049	23861
97322	24050	24049
97327	24051	24050
97331	24052	24050
97335	24053	24050
97339	24054	24050
97343	24055	24050
97347	24056	24050
97351	24057	24050
97355	24058	24050
97359	24059	24050
97363	24060	24050
97367	24061	24050
97371	24062	24050
97375	24063	24050
97379	24064	24050
97383	24065	24050
97387	24066	24050
97390	24067	24049
97395	24068	24067
97399	24069	24067
97403	24070	24067
97407	24071	24067
97411	24072	24067
97415	24073	24067
97419	24074	24067
97422	24075	23861
97428	24076	24075
97432	24077	24075
97436	24078	24075
97439	24079	23861
97443	24080	24079
97448	24081	24080
97452	24082	24080
97455	24083	24079
97460	24084	24083
97464	24085	24083
97467	24086	24079
97472	24087	24086
97475	24088	24079
97480	24089	24088
97484	24090	24088
97488	24091	24088
97491	24092	24079
97496	24093	24092
97500	24094	24092
97505	24095	24079
97509	24096	24079
97513	24097	24079
97517	24098	24079
97521	24099	24079
97525	24100	24079
97529	24101	24079
97533	24102	24079
97536	24103	23860
97541	24104	24103
97546	24105	24104
97550	24106	24104
97553	24107	24103
97558	24108	24107
97562	24109	24107
97565	24110	24103
97570	24111	24110
97574	24112	24110
97577	24113	24103
97582	24114	24113
97586	24115	24113
97589	24116	23860
97593	24117	24116
97597	24118	24117
97602	24119	24118
97606	24120	24118
97610	24121	24118
97613	24122	24117
97618	24123	24122
97622	24124	24122
97626	24125	24122
97630	24126	24122
97634	24127	24122
97637	24128	24117
97642	24129	24128
97646	24130	24128
97649	24131	24117
97654	24132	24131
97658	24133	24131
97662	24134	24131
97665	24135	24117
97670	24136	24135
97674	24137	24135
97678	24138	24135
97682	24139	24135
97685	24140	24117
97690	24141	24140
97694	24142	24140
97698	24143	24140
97702	24144	24140
97705	24145	24116
97711	24146	24145
97715	24147	24145
97719	24148	24145
97722	24149	23860
97726	24150	24149
97730	24151	24150
97735	24152	24151
97738	24153	24150
97743	24154	24153
97747	24155	24153
97751	24156	24153
97755	24157	24153
97759	24158	24153
97763	24159	24153
97767	24160	24153
97771	24161	24153
97775	24162	24153
97779	24163	24153
97783	24164	24153
97786	24165	24150
97791	24166	24165
97795	24167	24165
97798	24168	24150
97803	24169	24168
97807	24170	24168
97810	24171	24150
97815	24172	24171
97819	24173	24171
97823	24174	24171
97827	24175	24171
97831	24176	24171
97835	24177	24171
97838	24178	24150
97843	24179	24178
97847	24180	24178
97851	24181	24178
97855	24182	24178
97859	24183	24178
97863	24184	24178
97867	24185	24178
97871	24186	24178
97874	24187	24150
97879	24188	24187
97883	24189	24187
97887	24190	24187
97890	24191	24150
97895	24192	24191
97899	24193	24191
97902	24194	24150
97907	24195	24194
97911	24196	24194
97915	24197	24194
97918	24198	23860
97922	24199	24198
97928	24200	24199
97932	24201	24199
97936	24202	24199
97940	24203	24199
97944	24204	24199
97948	24205	24199
97951	24206	24198
97955	24207	24206
97960	24208	24207
97964	24209	24207
97967	24210	24206
97972	24211	24210
97976	24212	24210
97980	24213	24210
97984	24214	24210
97988	24215	24210
97992	24216	24210
97996	24217	24210
98000	24218	24210
98004	24219	24210
98008	24220	24210
98012	24221	24210
98016	24222	24210
98020	24223	24210
98024	24224	24210
98028	24225	24210
98032	24226	24210
98036	24227	24210
98039	24228	24206
98044	24229	24228
98047	24230	23860
98051	24231	24230
98055	24232	24231
98060	24233	24232
98063	24234	24231
98068	24235	24234
98071	24236	24231
98076	24237	24236
98080	24238	24236
98084	24239	24236
98087	24240	24231
98092	24241	24240
98095	24242	24231
98100	24243	24242
98104	24244	24242
98108	24245	24242
98111	24246	24231
98116	24247	24246
98120	24248	24246
98124	24249	24246
98128	24250	24246
98132	24251	24246
98136	24252	24246
98139	24253	24231
98144	24254	24253
98148	24255	24253
98152	24256	24253
98156	24257	24253
98159	24258	24231
98164	24259	24258
98167	24260	24231
98172	24261	24260
98176	24262	24260
98179	24263	24231
98184	24264	24263
98188	24265	24263
98192	24266	24263
98195	24267	24231
98200	24268	24267
98203	24269	24231
98208	24270	24269
98212	24271	24269
98216	24272	24269
98220	24273	24269
98223	24274	24231
98228	24275	24274
98231	24276	24231
98235	24277	24230
98239	24278	24277
98244	24279	24278
98248	24280	24278
98251	24281	24277
98256	24282	24281
98260	24283	24281
98263	24284	24277
98268	24285	24284
98272	24286	24284
98276	24287	24284
98279	24288	24277
98284	24289	24288
98288	24290	24288
98292	24291	24288
98296	24292	24288
98299	24293	24277
98304	24294	24293
98307	24295	24277
98312	24296	24295
98316	24297	24295
98320	24298	24295
98323	24299	24277
98328	24300	24299
98331	24301	24277
98336	24302	24301
98339	24303	24277
98344	24304	24303
98348	24305	24303
98351	24306	24277
98356	24307	24306
98359	24308	24277
98364	24309	24308
98367	24310	24277
98371	24311	24230
98377	24312	24311
98381	24313	24311
98385	24314	24311
98389	24315	24311
98393	24316	24311
98397	24317	24311
98401	24318	24311
98405	24319	24311
98408	24320	24230
98415	24322	24321
98419	24323	24322
98423	24324	24323
98428	24325	24324
98432	24326	24324
98436	24327	24324
98440	24328	24324
98444	24329	24324
98448	24330	24324
98452	24331	24324
98455	24332	24323
98460	24333	24332
98464	24334	24332
98468	24335	24332
98471	24336	24323
98476	24337	24336
98480	24338	24336
98484	24339	24336
98487	24340	24323
98492	24341	24340
98496	24342	24340
98500	24343	24340
98504	24344	24340
98508	24345	24340
98512	24346	24340
98516	24347	24340
98519	24348	24323
98524	24349	24348
98527	24350	24323
98532	24351	24350
98536	24352	24350
98540	24353	24350
98544	24354	24350
98547	24355	24322
98551	24356	24355
98556	24357	24356
98560	24358	24356
98563	24359	24355
98568	24360	24359
98572	24361	24359
98576	24362	24359
98580	24363	24359
98583	24364	24355
98588	24365	24364
98592	24366	24364
98596	24367	24364
98600	24368	24364
98604	24369	24364
98608	24370	24364
98612	24371	24364
98616	24372	24364
98619	24373	24322
98623	24374	24373
98628	24375	24374
98632	24376	24374
98636	24377	24374
98640	24378	24374
98643	24379	24373
98648	24380	24379
98652	24381	24379
98655	24382	24373
98660	24383	24382
98663	24384	24373
98668	24385	24384
98672	24386	24384
98675	24387	24322
98679	24388	24387
98684	24389	24388
98687	24390	24387
98692	24391	24390
98696	24392	24390
98700	24393	24390
98704	24394	24390
98708	24395	24390
98712	24396	24390
98716	24397	24390
98720	24398	24390
98724	24399	24390
98727	24400	24387
98732	24401	24400
98736	24402	24400
98740	24403	24400
98743	24404	24322
98747	24405	24404
98752	24406	24405
98756	24407	24405
98760	24408	24405
98763	24409	24404
98768	24410	24409
98771	24411	24404
98776	24412	24411
98780	24413	24411
98784	24414	24411
98787	24415	24404
98792	24416	24415
98796	24417	24415
98800	24418	24415
98805	24419	24404
98809	24420	24404
98813	24421	24404
98817	24422	24404
98821	24423	24404
98825	24424	24404
98829	24425	24404
98833	24426	24404
98837	24427	24404
98841	24428	24404
98845	24429	24404
98849	24430	24404
98853	24431	24404
98857	24432	24404
98861	24433	24404
98865	24434	24404
98869	24435	24404
98873	24436	24404
98877	24437	24404
98881	24438	24404
98885	24439	24404
98888	24440	24404
98892	24441	24321
98896	24442	24441
98900	24443	24442
98905	24444	24443
98909	24445	24443
98913	24446	24443
98917	24447	24443
98920	24448	24442
98925	24449	24448
98929	24450	24448
98933	24451	24448
98936	24452	24442
98941	24453	24452
98945	24454	24452
98949	24455	24452
98953	24456	24452
98956	24457	24442
98960	24458	24441
98964	24459	24458
98969	24460	24459
98973	24461	24459
98977	24462	24459
98980	24463	24458
98985	24464	24463
98989	24465	24463
98993	24466	24463
98996	24467	24458
99001	24468	24467
99005	24469	24467
99009	24470	24467
99013	24471	24467
99017	24472	24467
99021	24473	24467
99024	24474	24321
99028	24475	24474
99032	24476	24475
99037	24477	24476
99041	24478	24476
99045	24479	24476
99049	24480	24476
99053	24481	24476
99056	24482	24475
99061	24483	24482
99065	24484	24482
99069	24485	24482
99073	24486	24482
99077	24487	24482
99081	24488	24482
99085	24489	24482
99089	24490	24482
99093	24491	24482
99097	24492	24482
99101	24493	24482
99104	24494	24475
99109	24495	24494
99113	24496	24494
99116	24497	24475
99121	24498	24497
99125	24499	24497
99129	24500	24497
99133	24501	24497
99137	24502	24497
99141	24503	24497
99145	24504	24497
99149	24505	24497
99153	24506	24497
99157	24507	24497
99161	24508	24497
99165	24509	24497
99168	24510	24321
99173	24511	24510
99178	24512	24511
99182	24513	24511
99186	24514	24511
99190	24515	24511
99194	24516	24511
99198	24517	24511
99202	24518	24511
99206	24519	24511
99210	24520	24511
99214	24521	24511
99218	24522	24511
99222	24523	24511
99226	24524	24511
99229	24525	24510
99234	24526	24525
99238	24527	24525
99244	24529	24528
99248	24530	24529
99252	24531	24530
99257	24532	24531
99261	24533	24531
99265	24534	24531
99269	24535	24531
99273	24536	24531
99276	24537	24530
99281	24538	24537
99285	24539	24537
99289	24540	24537
99293	24541	24537
99297	24542	24537
99301	24543	24537
99305	24544	24537
99309	24545	24537
99313	24546	24537
99317	24547	24537
99321	24548	24537
99325	24549	24537
99329	24550	24537
99333	24551	24537
99337	24552	24537
99341	24553	24537
99345	24554	24537
99349	24555	24537
99353	24556	24537
99356	24557	24530
99361	24558	24557
99365	24559	24557
99369	24560	24557
99373	24561	24557
99377	24562	24557
99380	24563	24530
99385	24564	24563
99389	24565	24563
99393	24566	24563
99397	24567	24563
99401	24568	24563
99405	24569	24563
99409	24570	24563
99413	24571	24563
99417	24572	24563
99421	24573	24563
99425	24574	24563
99429	24575	24563
99433	24576	24563
99437	24577	24563
99441	24578	24563
99445	24579	24563
99449	24580	24563
99453	24581	24563
99457	24582	24563
99460	24583	24530
99465	24584	24583
99469	24585	24583
99473	24586	24583
99477	24587	24583
99480	24588	24530
99485	24589	24588
99489	24590	24588
99492	24591	24530
99497	24592	24591
99501	24593	24591
99505	24594	24591
99509	24595	24591
99513	24596	24591
99517	24597	24591
99521	24598	24591
99525	24599	24591
99529	24600	24591
99533	24601	24591
99537	24602	24591
99541	24603	24591
99545	24604	24591
99549	24605	24591
99553	24606	24591
99556	24607	24529
99560	24608	24607
99565	24609	24608
99569	24610	24608
99573	24611	24608
99576	24612	24607
99580	24613	24529
99584	24614	24613
99589	24615	24614
99592	24616	24613
99597	24617	24616
99601	24618	24616
99605	24619	24616
99609	24620	24616
99613	24621	24616
99616	24622	24613
99621	24623	24622
99625	24624	24622
99628	24625	24613
99632	24626	24528
99637	24627	24626
99642	24628	24627
99646	24629	24627
99650	24630	24627
99654	24631	24627
99658	24632	24627
99662	24633	24627
99666	24634	24627
99670	24635	24627
99674	24636	24627
99678	24637	24627
99682	24638	24627
99686	24639	24627
99690	24640	24627
99694	24641	24627
99698	24642	24627
99702	24643	24627
99706	24644	24627
99710	24645	24627
99714	24646	24627
99718	24647	24627
99722	24648	24627
99726	24649	24627
99730	24650	24627
99733	24651	24626
99737	24652	24626
99741	24653	24626
99746	24654	24653
99750	24655	24653
99754	24656	24653
99757	24657	24528
99761	24658	24657
99765	24659	24658
99770	24660	24659
99774	24661	24659
99778	24662	24659
99781	24663	24658
99786	24664	24663
99789	24665	24658
99794	24666	24665
99798	24667	24665
99802	24668	24665
99806	24669	24665
99810	24670	24665
99814	24671	24665
99818	24672	24665
99822	24673	24665
99826	24674	24665
99830	24675	24665
99834	24676	24665
99837	24677	24658
99842	24678	24677
99845	24679	24657
99849	24680	24679
99854	24681	24680
99858	24682	24680
99862	24683	24680
99866	24684	24680
99870	24685	24680
99874	24686	24680
99878	24687	24680
99882	24688	24680
99886	24689	24680
99890	24690	24680
99894	24691	24680
99897	24692	24679
99902	24693	24692
99906	24694	24692
99910	24695	24692
99914	24696	24692
99918	24697	24692
99922	24698	24692
99925	24699	24679
99930	24700	24699
99934	24701	24699
99937	24702	24679
99942	24703	24702
99946	24704	24702
99950	24705	24702
99954	24706	24702
99958	24707	24702
99962	24708	24702
99966	24709	24702
99970	24710	24702
99974	24711	24702
99977	24712	24657
99981	24713	24712
99986	24714	24713
99989	24715	24528
99994	24716	24715
99999	24717	24716
100003	24718	24716
100007	24719	24716
100010	24720	24715
100015	24721	24720
100019	24722	24720
100023	24723	24720
100027	24724	24720
100030	24725	24715
100035	24726	24725
100039	24727	24725
100042	24728	24715
100047	24729	24728
100050	24730	24528
100054	24731	24730
100058	24732	24731
100063	24733	24732
100067	24734	24732
100071	24735	24732
100075	24736	24732
100079	24737	24732
100083	24738	24732
100087	24739	24732
100091	24740	24732
100094	24741	24731
100099	24742	24741
100102	24743	24731
100107	24744	24743
100111	24745	24743
100114	24746	24731
100119	24747	24746
100123	24748	24746
100126	24749	24528
100131	24750	24749
100136	24751	24750
100140	24752	24750
100143	24753	24749
100148	24754	24753
100152	24755	24753
100157	24756	24749
100161	24757	24749
100167	24759	24758
100171	24760	24759
100175	24761	24760
100180	24762	24761
100184	24763	24761
100187	24764	24760
100192	24765	24764
100196	24766	24764
100200	24767	24764
100204	24768	24764
100208	24769	24764
100212	24770	24764
100216	24771	24764
100220	24772	24764
100223	24773	24760
100228	24774	24773
100232	24775	24773
100236	24776	24773
100239	24777	24760
100244	24778	24777
100247	24779	24760
100252	24780	24779
100256	24781	24779
100260	24782	24779
100264	24783	24779
100268	24784	24779
100272	24785	24779
100276	24786	24779
100279	24787	24760
100284	24788	24787
100288	24789	24787
100292	24790	24787
100296	24791	24787
100300	24792	24787
100304	24793	24787
100308	24794	24787
100312	24795	24787
100316	24796	24787
100319	24797	24759
100323	24798	24797
100328	24799	24798
100332	24800	24798
100336	24801	24798
100340	24802	24798
100344	24803	24798
100348	24804	24798
100351	24805	24797
100356	24806	24805
100360	24807	24805
100364	24808	24805
100368	24809	24805
100372	24810	24805
100376	24811	24805
100380	24812	24805
100384	24813	24805
100388	24814	24805
100392	24815	24805
100396	24816	24805
100400	24817	24805
100404	24818	24805
100408	24819	24805
100412	24820	24805
100416	24821	24805
100420	24822	24805
100423	24823	24797
100428	24824	24823
100431	24825	24797
100436	24826	24825
100440	24827	24825
100444	24828	24825
100448	24829	24825
100451	24830	24758
100455	24831	24830
100459	24832	24831
100464	24833	24832
100468	24834	24832
100472	24835	24832
100476	24836	24832
100480	24837	24832
100484	24838	24832
100488	24839	24832
100492	24840	24832
100496	24841	24832
100500	24842	24832
100504	24843	24832
100508	24844	24832
100511	24845	24831
100516	24846	24845
100520	24847	24845
100524	24848	24845
100528	24849	24845
100532	24850	24845
100535	24851	24831
100540	24852	24851
100544	24853	24851
100548	24854	24851
100552	24855	24851
100556	24856	24851
100560	24857	24851
100564	24858	24851
100567	24859	24831
100572	24860	24859
100576	24861	24859
100579	24862	24831
100584	24863	24862
100587	24864	24831
100592	24865	24864
100596	24866	24864
100599	24867	24831
100604	24868	24867
100608	24869	24867
100612	24870	24867
100616	24871	24867
100619	24872	24831
100624	24873	24872
100628	24874	24872
100632	24875	24872
100636	24876	24872
100639	24877	24830
100643	24878	24877
100648	24879	24878
100652	24880	24878
100656	24881	24878
100660	24882	24878
100664	24883	24878
100668	24884	24878
100672	24885	24878
100676	24886	24878
100680	24887	24878
100684	24888	24878
100688	24889	24878
100692	24890	24878
100696	24891	24878
100700	24892	24878
100704	24893	24878
100708	24894	24878
100712	24895	24878
100716	24896	24878
100720	24897	24878
100724	24898	24878
100728	24899	24878
100732	24900	24878
100736	24901	24878
100740	24902	24878
100743	24903	24877
100748	24904	24903
100752	24905	24903
100756	24906	24903
100760	24907	24903
100764	24908	24903
100768	24909	24903
100772	24910	24903
100776	24911	24903
100780	24912	24903
100784	24913	24903
100788	24914	24903
100792	24915	24903
100796	24916	24903
100799	24917	24877
100804	24918	24917
100808	24919	24917
100812	24920	24917
100816	24921	24917
100820	24922	24917
100824	24923	24917
100828	24924	24917
100832	24925	24917
100836	24926	24917
100840	24927	24917
100845	24928	24877
100849	24929	24877
100853	24930	24877
100857	24931	24877
100861	24932	24877
100865	24933	24877
100868	24934	24830
100872	24935	24934
100877	24936	24935
100881	24937	24935
100885	24938	24935
100889	24939	24935
100893	24940	24935
100897	24941	24935
100901	24942	24935
100904	24943	24934
100909	24944	24943
100912	24945	24934
100917	24946	24945
100921	24947	24945
100925	24948	24945
100929	24949	24945
100933	24950	24945
100936	24951	24934
100941	24952	24951
100945	24953	24951
100949	24954	24951
100953	24955	24951
100957	24956	24951
100960	24957	24758
100965	24958	24957
100970	24959	24958
100974	24960	24958
100978	24961	24958
100982	24962	24958
100986	24963	24958
100989	24964	24957
100994	24965	24964
100998	24966	24964
101002	24967	24964
101006	24968	24964
101010	24969	24964
101014	24970	24964
101018	24971	24964
101021	24972	24957
101026	24973	24972
101030	24974	24972
101034	24975	24972
101037	24976	24957
101042	24977	24976
101046	24978	24976
101050	24979	24976
101054	24980	24976
101057	24981	24957
101062	24982	24981
101065	24983	24957
101070	24984	24983
101074	24985	24983
101077	24986	24957
101082	24987	24986
101086	24988	24986
101090	24989	24986
101094	24990	24986
101098	24991	24986
101102	24992	24986
101105	24993	24957
101110	24994	24993
101114	24995	24993
101118	24996	24993
101122	24997	24993
101126	24998	24993
101130	24999	24993
101134	25000	24993
101138	25001	24993
101142	25002	24993
101145	25003	24758
101149	25004	25003
101153	25005	25004
101158	25006	25005
101162	25007	25005
101166	25008	25005
101170	25009	25005
101174	25010	25005
101178	25011	25005
101182	25012	25005
101186	25013	25005
101190	25014	25005
101194	25015	25005
101197	25016	25004
101202	25017	25016
101206	25018	25016
101209	25019	25004
101214	25020	25019
101218	25021	25019
101221	25022	25003
101225	25023	25022
101230	25024	25023
101234	25025	25023
101237	25026	25022
101242	25027	25026
101245	25028	25022
101250	25029	25028
101254	25030	25028
101258	25031	25028
101262	25032	25028
101266	25033	25028
101270	25034	25028
101274	25035	25028
101277	25036	25022
101282	25037	25036
101285	25038	25022
101290	25039	25038
101294	25040	25038
101298	25041	25038
101301	25042	24758
101305	25043	25042
101309	25044	25043
101314	25045	25044
101318	25046	25044
101322	25047	25044
101326	25048	25044
101330	25049	25044
101334	25050	25044
101338	25051	25044
101341	25052	25043
101346	25053	25052
101350	25054	25052
101354	25055	25052
101358	25056	25052
101362	25057	25052
101366	25058	25052
101370	25059	25052
101374	25060	25052
101378	25061	25052
101382	25062	25052
101385	25063	25043
101390	25064	25063
101394	25065	25063
101398	25066	25063
101402	25067	25063
101405	25068	25043
101410	25069	25068
101414	25070	25068
101418	25071	25068
101422	25072	25068
101426	25073	25068
101430	25074	25068
101434	25075	25068
101438	25076	25068
101442	25077	25068
101445	25078	25043
101450	25079	25078
101454	25080	25078
101458	25081	25078
101462	25082	25078
101465	25083	25043
101470	25084	25083
101474	25085	25083
101478	25086	25083
101482	25087	25083
101486	25088	25083
101489	25089	25043
101494	25090	25089
101498	25091	25089
101502	25092	25089
101505	25093	25043
101510	25094	25093
101514	25095	25093
101518	25096	25093
101522	25097	25093
101525	25098	25043
101530	25099	25098
101533	25100	25043
101538	25101	25100
101542	25102	25100
101546	25103	25100
101550	25104	25100
101554	25105	25100
101558	25106	25100
101561	25107	25043
101566	25108	25107
101569	25109	25043
101574	25110	25109
101578	25111	25109
101582	25112	25109
101586	25113	25109
101590	25114	25109
101593	25115	25042
101597	25116	25115
101602	25117	25116
101606	25118	25116
101610	25119	25116
101614	25120	25116
101618	25121	25116
101622	25122	25116
101626	25123	25116
101630	25124	25116
101634	25125	25116
101638	25126	25116
101642	25127	25116
101646	25128	25116
101650	25129	25116
101654	25130	25116
101658	25131	25116
101662	25132	25116
101666	25133	25116
101670	25134	25116
101674	25135	25116
101678	25136	25116
101682	25137	25116
101686	25138	25116
101690	25139	25116
101693	25140	25115
101698	25141	25140
101702	25142	25140
101706	25143	25140
101709	25144	25115
101714	25145	25144
101718	25146	25144
101722	25147	25144
101726	25148	25144
101729	25149	25115
101734	25150	25149
101737	25151	25115
101742	25152	25151
101745	25153	25115
101750	25154	25153
101754	25155	25153
101758	25156	25153
101761	25157	25042
101765	25158	25157
101770	25159	25158
101774	25160	25158
101778	25161	25158
101782	25162	25158
101786	25163	25158
101790	25164	25158
101794	25165	25158
101798	25166	25158
101802	25167	25158
101806	25168	25158
101810	25169	25158
101814	25170	25158
101818	25171	25158
101822	25172	25158
101826	25173	25158
101830	25174	25158
101834	25175	25158
101838	25176	25158
101841	25177	25157
101846	25178	25177
101850	25179	25177
101853	25180	25157
101858	25181	25180
101862	25182	25180
101866	25183	25180
101870	25184	25180
101874	25185	25180
101877	25186	25157
101882	25187	25186
101886	25188	25186
101890	25189	25186
101894	25190	25186
101898	25191	25186
101902	25192	25186
101906	25193	25186
101910	25194	25186
101914	25195	25186
101918	25196	25186
101922	25197	25186
101926	25198	25186
101930	25199	25186
101933	25200	25157
101938	25201	25200
101942	25202	25200
101946	25203	25200
101949	25204	25157
101954	25205	25204
101958	25206	25204
101962	25207	25204
101965	25208	25157
101970	25209	25208
101974	25210	25208
101978	25211	25208
101982	25212	25208
101986	25213	25208
101990	25214	25208
101994	25215	25208
101998	25216	25208
102002	25217	25208
102006	25218	25208
102010	25219	25208
102014	25220	25208
102018	25221	25208
102022	25222	25208
102026	25223	25208
102029	25224	25157
102034	25225	25224
102038	25226	25224
102042	25227	25224
102046	25228	25224
102050	25229	25224
102054	25230	25224
102057	25231	24758
102061	25232	25231
102065	25233	25232
102070	25234	25233
102074	25235	25233
102078	25236	25233
102082	25237	25233
102086	25238	25233
102090	25239	25233
102094	25240	25233
102098	25241	25233
102102	25242	25233
102106	25243	25233
102110	25244	25233
102114	25245	25233
102118	25246	25233
102122	25247	25233
102126	25248	25233
102130	25249	25233
102134	25250	25233
102138	25251	25233
102142	25252	25233
102146	25253	25233
102150	25254	25233
102153	25255	25232
102158	25256	25255
102162	25257	25255
102166	25258	25255
102170	25259	25255
102174	25260	25255
102178	25261	25255
102182	25262	25255
102186	25263	25255
102189	25264	25232
102194	25265	25264
102198	25266	25264
102202	25267	25264
102206	25268	25264
102210	25269	25264
102214	25270	25264
102217	25271	25232
102222	25272	25271
102226	25273	25271
102229	25274	25232
102234	25275	25274
102238	25276	25274
102242	25277	25274
102246	25278	25274
102250	25279	25274
102254	25280	25274
102258	25281	25274
102262	25282	25274
102266	25283	25274
102270	25284	25274
102274	25285	25274
102278	25286	25274
102282	25287	25274
102286	25288	25274
102290	25289	25274
102294	25290	25274
102298	25291	25274
102301	25292	25231
102305	25293	25292
102310	25294	25293
102314	25295	25293
102318	25296	25293
102322	25297	25293
102326	25298	25293
102330	25299	25293
102334	25300	25293
102338	25301	25293
102341	25302	25292
102346	25303	25302
102350	25304	25302
102353	25305	25292
102358	25306	25305
102362	25307	25305
102366	25308	25305
102370	25309	25305
102374	25310	25305
102378	25311	25305
102382	25312	25305
102386	25313	25305
102390	25314	25305
102394	25315	25305
102398	25316	25305
102402	25317	25305
102406	25318	25305
102410	25319	25305
102414	25320	25305
102418	25321	25305
102422	25322	25305
102426	25323	25305
102429	25324	25231
102433	25325	25324
102438	25326	25325
102442	25327	25325
102445	25328	25324
102449	25329	25231
102453	25330	25329
102458	25331	25330
102462	25332	25330
102466	25333	25330
102470	25334	25330
102473	25335	25329
102478	25336	25335
102482	25337	25335
102485	25338	24758
102489	25339	25338
102493	25340	25339
102498	25341	25340
102502	25342	25340
102506	25343	25340
102510	25344	25340
102514	25345	25340
102517	25346	25339
102522	25347	25346
102526	25348	25346
102529	25349	25339
102534	25350	25349
102538	25351	25349
102541	25352	25338
102545	25353	25352
102550	25354	25353
102554	25355	25353
102557	25356	25352
102562	25357	25356
102566	25358	25356
102570	25359	25356
102574	25360	25356
102577	25361	25352
102582	25362	25361
102586	25363	25361
102590	25364	25361
102593	25365	25338
102599	25366	25365
102603	25367	25365
102607	25368	25365
102611	25369	25365
102615	25370	25365
102619	25371	25338
102625	25372	25338
102629	25373	25338
102635	25375	25374
102639	25376	25375
102643	25377	25376
102648	25378	25377
102652	25379	25377
102656	25380	25377
102660	25381	25377
102664	25382	25377
102667	25383	25376
102672	25384	25383
102676	25385	25383
102680	25386	25383
102684	25387	25383
102688	25388	25383
102692	25389	25383
102696	25390	25383
102699	25391	25376
102704	25392	25391
102708	25393	25391
102712	25394	25391
102716	25395	25391
102719	25396	25376
102724	25397	25396
102728	25398	25396
102732	25399	25396
102736	25400	25396
102739	25401	25376
102744	25402	25401
102748	25403	25401
102752	25404	25401
102756	25405	25401
102760	25406	25401
102764	25407	25401
102768	25408	25401
102772	25409	25401
102776	25410	25401
102779	25411	25375
102783	25412	25411
102788	25413	25412
102792	25414	25412
102796	25415	25412
102800	25416	25412
102803	25417	25411
102808	25418	25417
102812	25419	25417
102816	25420	25417
102819	25421	25411
102824	25422	25421
102828	25423	25421
102831	25424	25411
102836	25425	25424
102840	25426	25424
102843	25427	25411
102848	25428	25427
102852	25429	25427
102856	25430	25427
102860	25431	25427
102864	25432	25427
102868	25433	25427
102871	25434	25411
102876	25435	25434
102879	25436	25375
102883	25437	25436
102888	25438	25437
102891	25439	25436
102896	25440	25439
102900	25441	25439
102903	25442	25436
102908	25443	25442
102912	25444	25442
102915	25445	25436
102920	25446	25445
102924	25447	25445
102927	25448	25436
102932	25449	25448
102936	25450	25448
102940	25451	25448
102943	25452	25374
102947	25453	25452
102951	25454	25453
102956	25455	25454
102960	25456	25454
102963	25457	25453
102968	25458	25457
102971	25459	25453
102976	25460	25459
102980	25461	25459
102984	25462	25459
102987	25463	25452
102991	25464	25463
102996	25465	25464
103000	25466	25464
103004	25467	25464
103008	25468	25464
103012	25469	25464
103016	25470	25464
103020	25471	25464
103023	25472	25463
103028	25473	25472
103032	25474	25472
103035	25475	25463
103040	25476	25475
103044	25477	25475
103047	25478	25463
103052	25479	25478
103055	25480	25463
103060	25481	25480
103063	25482	25463
103068	25483	25482
103072	25484	25482
103075	25485	25452
103079	25486	25485
103084	25487	25486
103087	25488	25485
103092	25489	25488
103096	25490	25488
103099	25491	25374
103103	25492	25491
103107	25493	25492
103112	25494	25493
103116	25495	25493
103120	25496	25493
103124	25497	25493
103128	25498	25493
103132	25499	25493
103135	25500	25492
103140	25501	25500
103144	25502	25500
103148	25503	25500
103151	25504	25492
103156	25505	25504
103160	25506	25504
103164	25507	25504
103168	25508	25504
103172	25509	25504
103176	25510	25504
103180	25511	25504
103184	25512	25504
103187	25513	25492
103192	25514	25513
103196	25515	25513
103200	25516	25513
103204	25517	25513
103207	25518	25491
103211	25519	25518
103216	25520	25519
103220	25521	25519
103224	25522	25519
103228	25523	25519
103231	25524	25518
103236	25525	25524
103240	25526	25524
103244	25527	25524
103248	25528	25524
103252	25529	25524
103256	25530	25524
103262	25532	25531
103266	25533	25532
103270	25534	25533
103275	25535	25534
103279	25536	25534
103283	25537	25534
103287	25538	25534
103291	25539	25534
103295	25540	25534
103299	25541	25534
103303	25542	25534
103307	25543	25534
103311	25544	25534
103315	25545	25534
103319	25546	25534
103323	25547	25534
103326	25548	25533
103331	25549	25548
103335	25550	25548
103339	25551	25548
103343	25552	25548
103347	25553	25548
103351	25554	25548
103355	25555	25548
103358	25556	25533
103363	25557	25556
103367	25558	25556
103371	25559	25556
103375	25560	25556
103379	25561	25556
103383	25562	25556
103387	25563	25556
103391	25564	25556
103394	25565	25533
103399	25566	25565
103403	25567	25565
103407	25568	25565
103411	25569	25565
103415	25570	25565
103419	25571	25565
103423	25572	25565
103427	25573	25565
103431	25574	25565
103435	25575	25565
103439	25576	25565
103443	25577	25565
103447	25578	25565
103451	25579	25565
103454	25580	25533
103459	25581	25580
103463	25582	25580
103467	25583	25580
103471	25584	25580
103475	25585	25580
103479	25586	25580
103483	25587	25580
103487	25588	25580
103491	25589	25580
103494	25590	25532
103498	25591	25590
103503	25592	25591
103507	25593	25591
103511	25594	25591
103515	25595	25591
103519	25596	25591
103523	25597	25591
103526	25598	25531
103531	25599	25598
103536	25600	25599
103540	25601	25599
103544	25602	25599
103548	25603	25599
103552	25604	25599
103556	25605	25599
103560	25606	25599
103564	25607	25599
103568	25608	25599
103572	25609	25599
103576	25610	25599
103580	25611	25599
103584	25612	25599
103588	25613	25599
103592	25614	25599
103596	25615	25599
103600	25616	25599
103603	25617	25598
103608	25618	25617
103612	25619	25617
103616	25620	25617
103620	25621	25617
103624	25622	25617
103627	25623	25598
103632	25624	25623
103636	25625	25623
103640	25626	25623
103644	25627	25623
103647	25628	25531
103651	25629	25628
103655	25630	25629
103660	25631	25630
103663	25632	25629
103668	25633	25632
103672	25634	25632
103675	25635	25629
103680	25636	25635
103684	25637	25635
103688	25638	25635
103692	25639	25635
103696	25640	25635
103700	25641	25635
103704	25642	25635
103708	25643	25635
103712	25644	25635
103716	25645	25635
103720	25646	25635
103724	25647	25635
103728	25648	25635
103732	25649	25635
103736	25650	25635
103740	25651	25635
103743	25652	25629
103747	25653	25629
103752	25654	25653
103756	25655	25653
103760	25656	25653
103764	25657	25653
103768	25658	25653
103772	25659	25653
103776	25660	25653
103779	25661	25628
103783	25662	25661
103788	25663	25662
103792	25664	25662
103796	25665	25662
103800	25666	25662
103804	25667	25662
103808	25668	25662
103812	25669	25662
103815	25670	25661
103820	25671	25670
103824	25672	25670
103828	25673	25670
103832	25674	25670
103835	25675	25661
103840	25676	25675
103844	25677	25675
103849	25678	25661
103852	25679	25628
103856	25680	25679
103861	25681	25680
103864	25682	25679
103869	25683	25682
103873	25684	25682
103877	25685	25682
103881	25686	25682
103885	25687	25682
103888	25688	25679
103893	25689	25688
103897	25690	25688
103901	25691	25688
103905	25692	25688
103909	25693	25688
103913	25694	25688
103917	25695	25688
103921	25696	25688
103925	25697	25688
103929	25698	25688
103933	25699	25688
103937	25700	25688
103941	25701	25688
103945	25702	25688
103948	25703	25679
103952	25704	25628
103956	25705	25704
103961	25706	25705
103965	25707	25705
103969	25708	25705
103973	25709	25705
103977	25710	25705
103981	25711	25705
103985	25712	25705
103989	25713	25705
103993	25714	25705
103997	25715	25705
104001	25716	25705
104005	25717	25705
104009	25718	25705
104013	25719	25705
104017	25720	25705
104021	25721	25705
104025	25722	25705
104028	25723	25704
104033	25724	25723
104037	25725	25723
104041	25726	25723
104045	25727	25723
104049	25728	25723
104053	25729	25723
104056	25730	25704
104061	25731	25730
104065	25732	25730
104069	25733	25730
104073	25734	25730
104078	25735	25704
104082	25736	25704
104086	25737	25704
104090	25738	25704
104093	25739	25531
104097	25740	25739
104101	25741	25740
104106	25742	25741
104110	25743	25741
104114	25744	25741
104118	25745	25741
104122	25746	25741
104126	25747	25741
104130	25748	25741
104134	25749	25741
104138	25750	25741
104142	25751	25741
104146	25752	25741
104149	25753	25740
104154	25754	25753
104158	25755	25753
104162	25756	25753
104166	25757	25753
104170	25758	25753
104174	25759	25753
104178	25760	25753
104182	25761	25753
104186	25762	25753
104190	25763	25753
104194	25764	25753
104198	25765	25753
104202	25766	25753
104206	25767	25753
104210	25768	25753
104213	25769	25739
104217	25770	25769
104222	25771	25770
104226	25772	25770
104230	25773	25770
104234	25774	25770
104238	25775	25770
104242	25776	25770
104246	25777	25770
104250	25778	25770
104254	25779	25770
104258	25780	25770
104262	25781	25770
104265	25782	25769
104270	25783	25782
104274	25784	25782
104278	25785	25782
104282	25786	25782
104286	25787	25782
104290	25788	25782
104294	25789	25782
104298	25790	25782
104302	25791	25782
104306	25792	25782
104310	25793	25782
104314	25794	25782
104318	25795	25782
104322	25796	25782
104326	25797	25782
104330	25798	25782
104334	25799	25782
104338	25800	25782
104342	25801	25782
104346	25802	25782
104350	25803	25782
104354	25804	25782
104358	25805	25782
104362	25806	25782
104366	25807	25782
104369	25808	25739
104373	25809	25808
104378	25810	25809
104382	25811	25809
104385	25812	25808
104390	25813	25812
104394	25814	25812
104397	25815	25739
104401	25816	25531
104406	25817	25816
104411	25818	25817
104415	25819	25817
104419	25820	25817
104423	25821	25817
104427	25822	25817
104431	25823	25817
104435	25824	25817
104439	25825	25817
104443	25826	25817
104447	25827	25817
104451	25828	25817
104454	25829	25816
104459	25830	25829
104463	25831	25829
104467	25832	25829
104471	25833	25829
104475	25834	25829
104479	25835	25829
104483	25836	25829
104487	25837	25829
104491	25838	25829
104495	25839	25829
104499	25840	25829
104502	25841	25816
104507	25842	25841
104511	25843	25841
104515	25844	25841
104519	25845	25841
104523	25846	25841
104527	25847	25841
104531	25848	25841
104535	25849	25841
104538	25850	25816
104543	25851	25850
104547	25852	25850
104551	25853	25850
104555	25854	25850
104559	25855	25850
104563	25856	25850
104567	25857	25850
104571	25858	25850
104575	25859	25850
104579	25860	25850
104583	25861	25850
104586	25862	25816
104591	25863	25862
104595	25864	25862
104599	25865	25862
104603	25866	25862
104607	25867	25862
104611	25868	25862
104615	25869	25862
104619	25870	25862
104623	25871	25862
104627	25872	25862
104630	25873	25816
104634	25874	25816
104639	25875	25874
104643	25876	25874
104647	25877	25874
104651	25878	25874
104655	25879	25874
104659	25880	25874
104663	25881	25874
104667	25882	25874
104671	25883	25874
104675	25884	25874
104679	25885	25874
104683	25886	25874
104687	25887	25874
104691	25888	25874
104695	25889	25874
104699	25890	25874
104703	25891	25874
104707	25892	25874
104711	25893	25874
104715	25894	25874
104719	25895	25874
104723	25896	25874
104727	25897	25874
104731	25898	25874
104735	25899	25874
104739	25900	25874
104742	25901	25531
104747	25902	25901
104752	25903	25902
104756	25904	25902
104760	25905	25902
104763	25906	25901
104768	25907	25906
104772	25908	25906
104776	25909	25906
104780	25910	25906
104784	25911	25906
104788	25912	25906
104792	25913	25906
104796	25914	25906
104800	25915	25906
104804	25916	25906
104808	25917	25906
104815	25919	25918
104819	25920	25919
104823	25921	25920
104828	25922	25921
104832	25923	25921
104836	25924	25921
104840	25925	25921
104844	25926	25921
104848	25927	25921
104852	25928	25921
104856	25929	25921
104860	25930	25921
104864	25931	25921
104868	25932	25921
104872	25933	25921
104876	25934	25921
104880	25935	25921
104884	25936	25921
104888	25937	25921
104892	25938	25921
104896	25939	25921
104900	25940	25921
104904	25941	25921
104908	25942	25921
104912	25943	25921
104916	25944	25921
104920	25945	25921
104923	25946	25920
104928	25947	25946
104932	25948	25946
104936	25949	25946
104940	25950	25946
104944	25951	25946
104947	25952	25920
104952	25953	25952
104956	25954	25952
104960	25955	25952
104964	25956	25952
104968	25957	25952
104972	25958	25952
104976	25959	25952
104980	25960	25952
104983	25961	25920
104988	25962	25961
104992	25963	25961
104996	25964	25961
105000	25965	25961
105004	25966	25961
105008	25967	25961
105012	25968	25961
105016	25969	25961
105020	25970	25961
105024	25971	25961
105028	25972	25961
105032	25973	25961
105036	25974	25961
105040	25975	25961
105044	25976	25961
105048	25977	25961
105052	25978	25961
105055	25979	25919
105059	25980	25979
105064	25981	25980
105068	25982	25980
105072	25983	25980
105076	25984	25980
105080	25985	25980
105084	25986	25980
105088	25987	25980
105092	25988	25980
105096	25989	25980
105100	25990	25980
105104	25991	25980
105108	25992	25980
105112	25993	25980
105115	25994	25979
105120	25995	25994
105124	25996	25994
105128	25997	25994
105132	25998	25994
105135	25999	25979
105140	26000	25999
105144	26001	25999
105148	26002	25999
105152	26003	25999
105156	26004	25999
105160	26005	25999
105164	26006	25999
105168	26007	25999
105172	26008	25999
105175	26009	25919
105179	26010	26009
105184	26011	26010
105188	26012	26010
105192	26013	26010
105196	26014	26010
105200	26015	26010
105204	26016	26010
105208	26017	26010
105212	26018	26010
105216	26019	26010
105220	26020	26010
105224	26021	26010
105227	26022	26009
105232	26023	26022
105236	26024	26022
105240	26025	26022
105244	26026	26022
105248	26027	26022
105251	26028	26009
105256	26029	26028
105259	26030	25919
105263	26031	26030
105268	26032	26031
105272	26033	26031
105276	26034	26031
105280	26035	26031
105284	26036	26031
105288	26037	26031
105291	26038	26030
105296	26039	26038
105300	26040	26038
105304	26041	26038
105308	26042	26038
105312	26043	26038
105316	26044	26038
105320	26045	26038
105324	26046	26038
105328	26047	26038
105332	26048	26038
105336	26049	26038
105340	26050	26038
105343	26051	26030
105348	26052	26051
105352	26053	26051
105356	26054	26051
105360	26055	26051
105363	26056	26030
105368	26057	26056
105372	26058	26056
105376	26059	26056
105380	26060	26056
105384	26061	26056
105388	26062	26056
105392	26063	26056
105396	26064	26056
105400	26065	26056
105403	26066	26030
105408	26067	26066
105412	26068	26066
105416	26069	26066
105420	26070	26066
105423	26071	25919
105427	26072	26071
105432	26073	26072
105436	26074	26072
105440	26075	26072
105444	26076	26072
105448	26077	26072
105452	26078	26072
105456	26079	26072
105459	26080	26071
105464	26081	26080
105468	26082	26080
105472	26083	26080
105475	26084	25919
105479	26085	26084
105484	26086	26085
105488	26087	26085
105492	26088	26085
105496	26089	26085
105500	26090	26085
105504	26091	26085
105508	26092	26085
105512	26093	26085
105516	26094	26085
105520	26095	26085
105524	26096	26085
105527	26097	26084
105532	26098	26097
105536	26099	26097
105540	26100	26097
105544	26101	26097
105548	26102	26097
105552	26103	26097
105556	26104	26097
105560	26105	26097
105564	26106	26097
105568	26107	26097
105571	26108	25919
105577	26109	26108
105581	26110	26108
105585	26111	26108
105589	26112	26108
105593	26113	26108
105597	26114	26108
105601	26115	26108
105605	26116	26108
105608	26117	25919
105612	26118	26117
105617	26119	26118
105621	26120	26118
105625	26121	26118
105628	26122	26117
105632	26123	25919
105636	26124	26123
105641	26125	26124
105645	26126	26124
105649	26127	26124
105652	26128	26123
105657	26129	26128
105660	26130	25919
105666	26131	26130
105670	26132	26130
105674	26133	26130
105678	26134	26130
105682	26135	26130
105686	26136	26130
105690	26137	26130
105694	26138	26130
105698	26139	26130
105702	26140	26130
105706	26141	26130
105710	26142	26130
105714	26143	26130
105718	26144	26130
105722	26145	26130
105726	26146	26130
105729	26147	25918
105733	26148	26147
105739	26149	26148
105743	26150	26148
105747	26151	26148
105751	26152	26148
105755	26153	26148
105759	26154	26148
105763	26155	26148
105767	26156	26148
105771	26157	26148
105775	26158	26148
105779	26159	26148
105783	26160	26148
105787	26161	26148
105791	26162	26148
105795	26163	26148
105798	26164	26147
105804	26165	26164
105808	26166	26164
105812	26167	26164
105816	26168	26164
105819	26169	26147
105825	26170	26169
105829	26171	26169
105833	26172	26169
105837	26173	26169
105841	26174	26169
105845	26175	26169
105849	26176	26169
105852	26177	26147
105856	26178	26177
105861	26179	26178
105865	26180	26178
105869	26181	26178
105872	26182	26177
105876	26183	25918
105880	26184	26183
105886	26185	26184
105890	26186	26184
105894	26187	26184
105898	26188	26184
105902	26189	26184
105906	26190	26184
105910	26191	26184
105914	26192	26184
105918	26193	26184
105921	26194	26183
105927	26195	26194
105931	26196	26194
105935	26197	26194
105938	26198	26183
105944	26199	26198
105948	26200	26198
105952	26201	26198
105956	26202	26198
105960	26203	26198
105963	26204	26183
105970	26206	26205
105975	26207	26206
105980	26208	26207
105984	26209	26207
105988	26210	26207
105992	26211	26207
105996	26212	26207
106000	26213	26207
106004	26214	26207
106008	26215	26207
106012	26216	26207
106016	26217	26207
106020	26218	26207
106023	26219	26205
106028	26220	26219
106033	26221	26220
106037	26222	26220
106041	26223	26220
106045	26224	26220
106049	26225	26220
106053	26226	26220
106057	26227	26220
106061	26228	26220
106065	26229	26220
106069	26230	26220
106073	26231	26220
106077	26232	26220
106081	26233	26220
106085	26234	26220
106089	26235	26220
106093	26236	26220
106097	26237	26220
106101	26238	26220
106105	26239	26220
106109	26240	26220
106113	26241	26220
106117	26242	26220
106121	26243	26220
106125	26244	26220
106129	26245	26220
106133	26246	26220
106137	26247	26220
106141	26248	26220
106144	26249	26219
106149	26250	26249
106153	26251	26249
106156	26252	26219
106161	26253	26252
106165	26254	26252
106168	26255	26219
106173	26256	26255
106177	26257	26255
106181	26258	26255
106185	26259	26255
106189	26260	26255
106193	26261	26255
106197	26262	26255
106200	26263	26219
106205	26264	26263
106208	26265	26219
106213	26266	26265
106216	26267	26219
106220	26268	26219
106224	26269	26219
106228	26270	26219
106232	26271	26219
106237	26272	26271
106240	26273	26205
106244	26274	26273
106248	26275	26273
106252	26276	26275
106257	26277	26276
106261	26278	26276
106264	26279	26275
106269	26280	26279
106272	26281	26275
106277	26282	26281
106281	26283	26281
106285	26284	26281
106289	26285	26281
106292	26286	26275
106297	26287	26286
106301	26288	26286
106305	26289	26286
106309	26290	26286
106312	26291	26275
106317	26292	26291
106321	26293	26291
106324	26294	26275
106329	26295	26294
106332	26296	26275
106337	26297	26296
106341	26298	26296
106345	26299	26296
106349	26300	26296
106353	26301	26296
106357	26302	26296
106360	26303	26275
106365	26304	26303
106369	26305	26303
106373	26306	26303
106377	26307	26303
106381	26308	26303
106384	26309	26275
106389	26310	26309
106393	26311	26309
106396	26312	26275
106401	26313	26312
106405	26314	26312
106409	26315	26312
106412	26316	26275
106416	26317	26275
106421	26318	26317
106425	26319	26205
106429	26320	26319
106433	26321	26320
106437	26322	26319
106441	26323	26319
106445	26324	26323
106449	26325	26319
106453	26326	26325
106457	26327	26325
106461	26328	26325
106466	26329	26328
106470	26330	26328
106473	26331	26325
106477	26332	26325
106481	26333	26325
106485	26334	26325
106489	26335	26205
106494	26336	26335
106498	26337	26335
106502	26338	26335
106506	26339	26335
106510	26340	26335
106514	26341	26335
106518	26342	26335
106522	26343	26335
106526	26344	26335
106530	26345	26335
106534	26346	26335
106538	26347	26335
106542	26348	26205
106546	26349	26348
106550	26350	26349
106555	26351	26350
106559	26352	26350
106563	26353	26350
106567	26354	26350
106571	26355	26350
106575	26356	26350
106579	26357	26350
106583	26358	26350
106587	26359	26350
106591	26360	26350
106594	26361	26349
106599	26362	26361
106603	26363	26361
106607	26364	26361
106611	26365	26361
106615	26366	26361
106619	26367	26361
106623	26368	26361
106627	26369	26361
106631	26370	26361
106635	26371	26361
106639	26372	26361
106643	26373	26361
106646	26374	26349
106651	26375	26374
106655	26376	26374
106659	26377	26374
106663	26378	26374
106667	26379	26374
106671	26380	26374
106675	26381	26374
106679	26382	26374
106683	26383	26374
106687	26384	26374
106690	26385	26349
106695	26386	26385
106699	26387	26385
106703	26388	26385
106707	26389	26385
106710	26390	26348
106714	26391	26390
106719	26392	26391
106723	26393	26391
106726	26394	26348
106730	26395	26394
106735	26396	26395
106739	26397	26395
106743	26398	26395
106747	26399	26395
106751	26400	26395
106755	26401	26395
106759	26402	26395
106763	26403	26395
106767	26404	26395
106770	26405	26394
106775	26406	26405
106779	26407	26405
106783	26408	26405
106786	26409	26394
106791	26410	26409
106794	26411	26348
106800	26412	26411
106804	26413	26411
106808	26414	26411
106812	26415	26411
106815	26416	26205
106819	26417	26416
106823	26418	26417
106828	26419	26418
106832	26420	26418
106835	26421	26417
106840	26422	26421
106844	26423	26421
106848	26424	26421
106851	26425	26417
106856	26426	26425
106860	26427	26425
106863	26428	26416
106867	26429	26428
106872	26430	26429
106876	26431	26429
106880	26432	26429
106884	26433	26429
106887	26434	26416
106891	26435	26434
106896	26436	26435
106900	26437	26435
106904	26438	26435
106908	26439	26435
106912	26440	26435
106915	26441	26434
106920	26442	26441
106924	26443	26441
106928	26444	26441
106932	26445	26441
106935	26446	26416
106939	26447	26446
106944	26448	26447
106948	26449	26447
106952	26450	26447
106956	26451	26447
106960	26452	26447
106963	26453	26446
106968	26454	26453
106972	26455	26453
106976	26456	26453
106980	26457	26453
106984	26458	26453
106988	26459	26453
106992	26460	26453
106995	26461	26446
107000	26462	26461
107003	26463	26416
107007	26464	26463
107012	26465	26464
107016	26466	26464
107020	26467	26464
107023	26468	26463
107028	26469	26468
107032	26470	26468
107035	26471	26463
107040	26472	26471
107044	26473	26471
107048	26474	26471
107051	26475	26416
107055	26476	26475
107060	26477	26476
107064	26478	26476
107068	26479	26476
107071	26480	26416
107075	26481	26480
107080	26482	26481
107084	26483	26481
107088	26484	26481
107092	26485	26481
107096	26486	26481
107100	26487	26481
107104	26488	26481
107107	26489	26480
107112	26490	26489
107116	26491	26489
107119	26492	26480
107124	26493	26492
107128	26494	26492
107132	26495	26492
107135	26496	26416
107139	26497	26496
107144	26498	26497
107148	26499	26497
107152	26500	26497
107156	26501	26497
107159	26502	26496
107164	26503	26502
107168	26504	26502
107171	26505	26496
107176	26506	26505
107179	26507	26416
107183	26508	26507
107188	26509	26508
107192	26510	26508
107196	26511	26508
107200	26512	26508
107204	26513	26508
107208	26514	26508
107211	26515	26507
107216	26516	26515
107220	26517	26515
107224	26518	26515
107228	26519	26515
107231	26520	26507
107236	26521	26520
107240	26522	26520
107244	26523	26520
107247	26524	26416
107251	26525	26524
107256	26526	26525
107260	26527	26525
107263	26528	26524
107268	26529	26528
107272	26530	26528
107276	26531	26528
107280	26532	26528
107283	26533	26205
107287	26534	26533
107291	26535	26534
107296	26536	26535
107300	26537	26535
107304	26538	26535
107307	26539	26534
107312	26540	26539
107316	26541	26539
107320	26542	26539
107324	26543	26539
107328	26544	26539
107332	26545	26539
107335	26546	26533
107339	26547	26546
107344	26548	26547
107348	26549	26547
107352	26550	26547
107355	26551	26533
107359	26552	26551
107364	26553	26552
107368	26554	26552
107372	26555	26552
107375	26556	26551
107380	26557	26556
107383	26558	26205
107801	26641	21529
107804	26642	21529
107809	26643	21557
107812	26644	21557
107815	26645	21557
107823	26646	21592
107826	26647	21592
107839	26648	21785
107842	26649	21785
107856	26650	21920
107859	26651	21920
107864	26652	21941
107867	26653	21941
107881	26654	22154
107884	26655	22154
107899	26656	22302
107902	26657	22302
107905	26658	22302
107908	26659	22303
107911	26660	22303
107915	26661	22315
107918	26662	22315
107921	26663	22315
107924	26664	22315
107945	26665	22720
107948	26666	22720
107993	26667	23240
107996	26668	23240
108004	26669	23444
108007	26670	23444
108010	26671	23444
108013	26672	23444
108016	26673	23444
108022	26674	23578
108025	26675	23578
108032	26676	23608
108035	26677	23608
108038	26678	23608
108041	26679	23615
108044	26680	23615
108052	26681	23675
108055	26682	23675
108081	26683	23806
108084	26684	23806
108095	26685	23869
108098	26686	23869
108110	26687	24015
108113	26688	24015
108116	26689	24015
108133	26690	24186
108136	26691	24186
108143	26692	24265
108146	26693	24265
108156	26694	24391
108159	26695	24391
108180	26696	24500
108183	26697	24500
108189	26698	24542
108192	26699	24542
108197	26700	24678
108200	26701	24678
108211	26702	24833
108214	26703	24833
108217	26704	24833
108235	26705	24960
108238	26706	24960
108248	26707	25025
108251	26708	25025
108300	26709	25422
108303	26710	25422
108312	26711	25593
108315	26712	25593
108339	26713	25945
108342	26714	25945
108358	26715	26063
108361	26716	26063
108364	26717	26063
108370	26718	26092
108373	26719	26092
108380	26720	26146
108383	26721	26146
108386	26722	26146
108389	26723	26146
108392	26724	26146
108395	26725	26146
108398	26726	26146
108401	26727	26146
108404	26728	26146
108407	26729	26146
108410	26730	26146
108418	26731	26213
108421	26732	26213
108424	26733	26213
108492	26734	21557
108507	26735	21557
108641	26736	21767
108659	26737	21784
108672	26738	21784
108693	26739	21813
108731	26740	21868
108803	26741	21946
108831	26742	21946
109360	26743	22272
109410	26744	22302
109423	26745	22302
109584	26746	22778
109880	26747	23145
111041	26748	23283
111062	26749	23444
111067	26750	23444
111072	26751	23444
111077	26752	23444
111082	26753	23444
111092	26754	23444
111097	26755	23444
111105	26756	23444
111112	26757	23444
112213	26758	23444
112247	26759	23444
112283	26760	23578
112306	26761	23578
112430	26762	23663
112480	26763	23692
112635	26764	23802
112640	26765	23802
112800	26766	23923
113746	26767	24935
113880	26768	25025
113923	26769	25025
114481	26770	25945
114614	26771	26092
114622	26772	26085
114683	26773	26146
114691	26774	26148
114696	26775	26148
114702	26776	26169
114730	26777	26169
140894	26778	23444